== cumulated value-added loss (mUSD), % of a quarter, peak week (% of a week's VA), loss weeks (> 0.01 % of a week) ==
   gross = weekly shortfalls clipped at zero; net = backlog left at the end for goods and construction (A-F) + gross for the perishable sectors; delay = carrying cost of the backlog while outstanding
run                        2026_gs1_base  2026_gs1_nopool  2018_gs1_nopool  2026_gs1_seed1  2026_gs1_seed2  2026_gs1_seed3  2026_gs1_seed4  2026_gs1_seed5  2026_gs1_seed6  2026_gs1_seed7  2026_gs1_seed8  2026_gs1_seed9  2026_gs1_seed10  2018_gs1_seed1  2018_gs1_seed2  2018_gs1_seed3  2018_gs1_seed4  2018_gs1_seed5  2018_gs1_seed6  2018_gs1_seed7  2018_gs1_seed8  2018_gs1_seed9  2018_gs1_seed10  2026_gs1_deep20  2026_gs1_fleet20  2026_gs1_stock7  2026_gs1_stock7t  2026_gs1_package
weeks                             39.000           31.000           42.000          31.000          31.000          31.000          31.000          31.000          31.000          31.000          31.000          31.000           31.000          42.000          42.000          42.000          42.000          42.000          42.000          42.000          42.000          42.000           42.000           31.000            31.000           31.000            31.000            31.000
EU_cum_mUSD                    16911.000        90979.000        58957.000       15504.000       15077.000        9212.000       14450.000       16409.000       19358.000       15213.000       13257.000        9208.000        15724.000       11980.000       11043.000        6924.000       10341.000       13152.000       15551.000       11697.000       10801.000        7098.000        12193.000         8245.000         11596.000         7460.000         11586.000          2898.000
EU_%quarter                        0.411            2.212            1.434           0.377           0.367           0.224           0.351           0.399           0.471           0.370           0.322           0.224            0.382           0.291           0.269           0.168           0.251           0.320           0.378           0.284           0.263           0.173            0.297            0.201             0.282            0.181             0.282             0.070
EU_peak_%week                      0.669            4.740            3.300           0.556           0.643           0.392           0.557           0.571           0.741           0.643           0.410           0.336            0.491           0.403           0.382           0.254           0.344           0.390           0.460           0.394           0.316           0.238            0.365            0.323             0.433            0.371             0.499             0.128
firms<99%_peak_%                   3.570           13.540           10.150           3.150           3.430           3.110           3.530           3.530           3.540           3.340           3.400           2.970            3.890           3.190           3.350           2.940           3.360           3.420           3.490           3.240           3.290           2.790            3.670            3.170             3.510            2.920             3.410             2.340
cons_loss_cum_mUSD             19553.000       119308.000        74863.000       16453.000       18284.000       10763.000       16536.000       18518.000       22120.000       16708.000       14982.000       10285.000        16943.000       12274.000       13189.000        7801.000       11208.000       14121.000       17412.000       12814.000       11892.000        7575.000        12467.000         8589.000         12932.000         7709.000         13562.000          3135.000
cons_loss_peak_%                   0.919            6.388            4.566           0.786           0.824           0.537           0.749           0.719           0.972           0.762           0.549           0.438            0.686           0.455           0.458           0.311           0.407           0.470           0.557           0.459           0.366           0.260            0.371            0.324             0.579            0.332             0.656             0.114
DEU_net_mUSD                   13983.000        43169.000        30420.000       12973.000       13234.000        7219.000       12630.000       14507.000       17238.000       13254.000       11514.000        6721.000        14075.000        9789.000        9654.000        5252.000        8925.000       11559.000       13803.000       10129.000        9300.000        4984.000        10884.000         6721.000          9385.000         5965.000          9301.000          1986.000
DEU_delay_mUSD                   303.400          779.900          712.300         257.500         203.700         135.000         166.800         252.000         299.100         236.900         224.300          91.900          167.100         251.500         168.800         111.300         123.300         240.900         298.800         231.400         223.200          76.000          144.500           77.000           129.800           72.700           131.800            24.300
DEU_net_deferrable_mUSD         4370.000        17648.000        11321.000        5258.000        4088.000        2768.000        3436.000        5061.000        6076.000        4812.000        4488.000        1867.000         3323.000        3868.000        2554.000        1783.000        1929.000        3611.000        4535.000        3548.000        3327.000        1182.000         2111.000         1492.000          2561.000         1373.000          2648.000           449.000
DEU_gross_perishable_mUSD       9613.000        25521.000        19099.000        7715.000        9146.000        4451.000        9194.000        9446.000       11163.000        8442.000        7026.000        4854.000        10752.000        5921.000        7101.000        3469.000        6996.000        7949.000        9268.000        6581.000        5973.000        3802.000         8774.000         5229.000          6824.000         4592.000          6653.000          1537.000
EU_net_mUSD                    15734.000        82706.000        52373.000       14520.000       14139.000        8700.000       13692.000       15479.000       18080.000       14247.000       12420.000        8682.000        15026.000       11180.000       10460.000        6553.000        9774.000       12437.000       14552.000       10982.000       10133.000        6669.000        11692.000         7981.000         10910.000         7107.000         10829.000          2749.000
EU_delay_mUSD                    377.700         1481.300         1271.100         290.400         224.700         190.700         194.000         276.000         321.400         263.800         252.100         145.900          181.800         294.900         196.700         177.800         155.300         271.800         327.300         262.000         259.200         138.600          163.200          114.100           176.300          115.500           186.500            52.500
EU_net_deferrable_mUSD          5383.000        34678.000        20673.000        5892.000        4461.000        3863.000        3921.000        5492.000        6470.000        5295.000        5020.000        2911.000         3578.000        4443.000        2900.000        2719.000        2339.000        3993.000        4888.000        3938.000        3802.000        2046.000         2334.000         2197.000          3437.000         2178.000          3681.000           990.000
EU_gross_perishable_mUSD       10350.000        48028.000        31700.000        8628.000        9678.000        4837.000        9771.000        9987.000       11611.000        8952.000        7400.000        5771.000        11449.000        6737.000        7560.000        3834.000        7435.000        8444.000        9664.000        7044.000        6331.000        4622.000         9358.000         5784.000          7473.000         4929.000          7148.000          1758.000
DEU_cum_mUSD                   15056.000        46997.000        33843.000       13889.000       14089.000        7694.000       13293.000       15339.000       18413.000       14023.000       12305.000        7163.000        14680.000       10513.000       10152.000        5584.000        9386.000       12178.000       14702.000       10717.000        9905.000        5330.000        11290.000         6922.000          9992.000         6235.000          9958.000          2083.000
DEU_%quarter                       1.576            4.920            3.543           1.454           1.475           0.805           1.392           1.606           1.928           1.468           1.288           0.750            1.537           1.101           1.063           0.585           0.983           1.275           1.539           1.122           1.037           0.558            1.182            0.725             1.046            0.653             1.042             0.218
DEU_peak_%week                     2.787            9.373            6.635           2.320           2.696           1.565           2.255           2.338           3.132           2.532           1.713           1.264            2.030           1.596           1.568           0.949           1.376           1.594           1.907           1.596           1.284           0.833            1.474            1.216             1.716            1.466             1.967             0.464
DEU_peak_week                     17.000           17.000           23.000          17.000          16.000          16.000          15.000          15.000          17.000          16.000          17.000          16.000           15.000          21.000          21.000          21.000          21.000          21.000          21.000          21.000          21.000          21.000           17.000           15.000            16.000           15.000            16.000            15.000
DEU_loss_weeks                    19.000           25.000           27.000          20.000          19.000          19.000          19.000          19.000          21.000          19.000          19.000          19.000           19.000          24.000          24.000          23.000          24.000          24.000          24.000          25.000          24.000          23.000           23.000           18.000            20.000           18.000            18.000            15.000

== other countries ==
run                        2026_gs1_base  2026_gs1_nopool  2018_gs1_nopool  2026_gs1_seed1  2026_gs1_seed2  2026_gs1_seed3  2026_gs1_seed4  2026_gs1_seed5  2026_gs1_seed6  2026_gs1_seed7  2026_gs1_seed8  2026_gs1_seed9  2026_gs1_seed10  2018_gs1_seed1  2018_gs1_seed2  2018_gs1_seed3  2018_gs1_seed4  2018_gs1_seed5  2018_gs1_seed6  2018_gs1_seed7  2018_gs1_seed8  2018_gs1_seed9  2018_gs1_seed10  2026_gs1_deep20  2026_gs1_fleet20  2026_gs1_stock7  2026_gs1_stock7t  2026_gs1_package
NLD_net_mUSD                     115.000         6312.000         3350.000         232.000          95.000         230.000         131.000         120.000          87.000          93.000         145.000         236.000           57.000         218.000          97.000         216.000         123.000         113.000          87.000          96.000         140.000         215.000           53.000          112.000           119.000          146.000           120.000           144.000
NLD_delay_mUSD                     7.900          143.300          115.400          10.500           4.700          10.600           6.700           5.800           4.700           4.300           7.300          10.300            2.500          14.500           7.000          14.000           8.700           8.300           6.900           6.700          10.400          13.600            3.600            5.500             6.000            7.000             6.000             6.400
NLD_net_deferrable_mUSD           96.000         3882.000         2090.000         203.000          63.000         203.000         109.000          85.000          65.000          61.000         128.000         196.000           27.000         190.000          70.000         188.000         101.000          88.000          70.000          69.000         125.000         180.000           27.000           96.000           102.000          123.000            98.000           121.000
NLD_gross_perishable_mUSD         19.000         2430.000         1260.000          28.000          33.000          27.000          22.000          35.000          21.000          31.000          16.000          39.000           30.000          27.000          26.000          28.000          22.000          25.000          17.000          27.000          15.000          35.000           26.000           16.000            17.000           23.000            22.000            22.000
AUT_net_mUSD                     146.000         4241.000         3068.000          38.000          89.000          86.000         202.000          93.000         124.000         119.000         113.000          34.000          167.000          27.000          71.000          87.000         161.000          85.000         105.000         117.000          94.000          23.000          142.000          123.000           134.000           23.000            30.000            15.000
AUT_delay_mUSD                     1.800           39.200           31.600           1.400           1.300           1.300           0.600           1.300           1.200           0.800           1.400           1.300            1.000           1.300           1.300           1.300           0.500           1.300           1.100           0.700           1.400           1.200            1.200            0.700             0.800            1.100             1.300             0.700
AUT_net_deferrable_mUSD           26.000          803.000          458.000          29.000          26.000          26.000          11.000          26.000          24.000          17.000          29.000          27.000           19.000          18.000          18.000          17.000           6.000          18.000          15.000           8.000          19.000          16.000           16.000           13.000            15.000           22.000            27.000            14.000
AUT_gross_perishable_mUSD        120.000         3438.000         2609.000           9.000          63.000          59.000         191.000          67.000          99.000         102.000          84.000           6.000          148.000           9.000          53.000          70.000         155.000          67.000          90.000         109.000          75.000           7.000          126.000          110.000           118.000            1.000             2.000             1.000
FRA_net_mUSD                    1042.000         6207.000         3766.000         919.000         331.000         823.000         389.000         407.000         245.000         424.000         315.000        1411.000          344.000         805.000         302.000         673.000         297.000         359.000         208.000         308.000         284.000        1186.000          301.000          672.000           866.000          630.000           979.000           333.000
FRA_delay_mUSD                    46.700          148.300          133.800           6.200           1.600          29.800           9.700           4.100           5.000          10.500           6.200          31.100            2.200           7.200           1.600          32.800           9.500           3.900           4.800           8.200           6.500          33.200            2.200           20.500            27.600           20.900            34.300            10.500
FRA_net_deferrable_mUSD          640.000         3239.000         2076.000         104.000          28.000         597.000         177.000          75.000          90.000         192.000         125.000         603.000           41.000          89.000          21.000         483.000         130.000          50.000          65.000         114.000          94.000         473.000           28.000          388.000           522.000          382.000           652.000           188.000
FRA_gross_perishable_mUSD        402.000         2968.000         1690.000         815.000         304.000         226.000         212.000         331.000         155.000         232.000         190.000         808.000          304.000         717.000         281.000         190.000         167.000         309.000         143.000         195.000         190.000         713.000          273.000          284.000           343.000          248.000           326.000           144.000
CHE_net_mUSD                      13.000           97.000           22.000           5.000           9.000           8.000           6.000           8.000          15.000           5.000           6.000           4.000           17.000           5.000           6.000           7.000           4.000           7.000          11.000           5.000           6.000           4.000           13.000           10.000            12.000            5.000            13.000             3.000
CHE_delay_mUSD                     0.400            2.800            0.900           0.200           0.300           0.400           0.200           0.200           0.300           0.200           0.300           0.200            0.200           0.300           0.300           0.500           0.300           0.300           0.300           0.300           0.500           0.300            0.300            0.200             0.300            0.200             0.300             0.200
CHE_net_deferrable_mUSD            6.000           68.000           15.000           5.000           5.000           8.000           4.000           5.000           5.000           5.000           6.000           4.000            4.000           5.000           5.000           7.000           4.000           5.000           5.000           5.000           6.000           4.000            4.000            4.000             5.000            5.000             6.000             3.000
CHE_gross_perishable_mUSD          7.000           29.000            8.000           0.000           4.000           0.000           1.000           4.000          10.000           0.000           0.000           0.000           12.000           0.000           1.000           0.000           0.000           2.000           6.000           0.000           0.000           0.000            9.000            5.000             7.000            0.000             8.000             0.000
BEL_net_mUSD                      28.000         4812.000         2632.000          20.000          13.000          46.000          20.000          11.000          10.000          22.000          21.000          38.000           12.000          20.000          13.000          44.000          17.000          11.000           8.000          19.000          25.000          37.000            8.000           21.000            25.000           26.000            30.000            27.000
BEL_delay_mUSD                     1.100           55.100           45.000           0.900           0.500           1.600           0.600           0.500           0.300           0.300           0.200           1.400            0.300           1.300           0.800           2.100           0.900           0.700           0.400           0.500           0.500           1.900            0.500            0.700             0.800            1.000             0.900             0.900
BEL_net_deferrable_mUSD           12.000         1280.000          752.000          13.000           5.000          29.000           5.000           4.000           0.000           1.000           0.000          25.000            4.000          13.000           7.000          27.000           7.000           5.000           1.000           3.000           2.000          24.000            3.000           12.000            13.000           16.000            13.000            16.000
BEL_gross_perishable_mUSD         16.000         3532.000         1880.000           8.000           8.000          16.000          14.000           6.000          10.000          21.000          21.000          12.000            8.000           7.000           6.000          16.000          10.000           5.000           7.000          17.000          23.000          13.000            5.000           10.000            12.000           11.000            18.000            11.000
NLD_cum_mUSD                     144.000         6985.000         3885.000         243.000         142.000         241.000         163.000         166.000         133.000         134.000         159.000         247.000          114.000         237.000         147.000         228.000         168.000         163.000         135.000         138.000         171.000         230.000          111.000          128.000           138.000          164.000           148.000           151.000
NLD_%quarter                       0.062            2.986            1.661           0.104           0.060           0.103           0.070           0.071           0.057           0.057           0.068           0.106            0.049           0.101           0.063           0.098           0.072           0.070           0.058           0.059           0.073           0.099            0.048            0.055             0.059            0.070             0.063             0.064
NLD_peak_%week                     0.085           10.116            7.165           0.113           0.091           0.117           0.103           0.094           0.084           0.090           0.093           0.112            0.095           0.089           0.065           0.094           0.076           0.069           0.065           0.067           0.067           0.090            0.062            0.086             0.078            0.105             0.088             0.084
NLD_peak_week                      8.000           19.000           24.000           9.000           8.000           9.000           9.000           8.000           8.000           8.000           8.000           9.000            8.000          16.000           7.000          16.000          16.000           7.000           7.000           7.000          16.000          16.000            7.000            8.000             9.000            9.000             8.000             9.000
NLD_loss_weeks                    16.000           21.000           25.000          20.000          16.000          20.000          18.000          17.000          17.000          16.000          19.000          20.000           14.000          22.000          21.000          21.000          20.000          21.000          21.000          21.000          20.000          21.000           19.000           15.000            16.000           16.000            16.000            17.000
AUT_cum_mUSD                     147.000         4608.000         3362.000          40.000          90.000          87.000         205.000          95.000         125.000         120.000         114.000          35.000          169.000          29.000          72.000          89.000         164.000          86.000         106.000         119.000          95.000          24.000          143.000          124.000           134.000           24.000            31.000            15.000
AUT_%quarter                       0.134            4.203            3.066           0.036           0.082           0.080           0.187           0.086           0.114           0.109           0.104           0.032            0.154           0.027           0.066           0.081           0.149           0.079           0.097           0.108           0.087           0.022            0.131            0.113             0.123            0.022             0.028             0.014
AUT_peak_%week                     0.197            7.009            5.647           0.065           0.123           0.120           0.295           0.128           0.252           0.174           0.128           0.070            0.233           0.040           0.087           0.089           0.212           0.088           0.166           0.126           0.098           0.020            0.187            0.197             0.186            0.030             0.059             0.014
AUT_peak_week                      8.000           18.000           23.000          15.000           8.000           5.000          10.000          15.000          10.000           8.000           5.000          15.000           11.000          21.000          16.000          15.000          17.000          16.000          17.000          16.000           5.000          16.000           18.000            8.000             9.000           16.000            15.000             9.000
AUT_loss_weeks                    18.000           21.000           25.000          17.000          18.000          18.000          17.000          18.000          15.000          17.000          18.000          16.000           18.000          17.000          21.000          21.000          21.000          22.000          18.000          22.000          21.000          17.000           22.000           16.000            17.000           15.000            15.000             7.000
FRA_cum_mUSD                    1093.000         6687.000         4157.000         955.000         342.000         834.000         423.000         432.000         272.000         557.000         325.000        1468.000          353.000         838.000         310.000         683.000         327.000         378.000         230.000         370.000         295.000        1236.000          310.000          705.000           908.000          676.000          1026.000           367.000
FRA_%quarter                       0.168            1.028            0.639           0.147           0.053           0.128           0.065           0.066           0.042           0.086           0.050           0.226            0.054           0.129           0.048           0.105           0.050           0.058           0.035           0.057           0.045           0.190            0.048            0.108             0.140            0.104             0.158             0.056
FRA_peak_%week                     0.247            1.906            1.052           0.227           0.079           0.179           0.106           0.097           0.069           0.279           0.080           0.312            0.087           0.147           0.054           0.136           0.076           0.070           0.044           0.161           0.054           0.227            0.060            0.162             0.196            0.170             0.245             0.104
FRA_peak_week                     10.000           17.000           22.000          14.000          14.000          14.000          15.000           9.000          14.000          16.000          14.000           9.000            9.000          16.000          16.000          20.000          21.000          16.000          16.000          22.000          20.000          16.000           16.000           15.000            15.000            9.000            15.000             9.000
FRA_loss_weeks                    19.000           20.000           24.000          17.000          15.000          19.000          14.000          15.000          15.000          14.000          16.000          20.000           15.000          21.000          19.000          22.000          19.000          17.000          16.000          18.000          19.000          22.000           17.000           18.000            19.000           16.000            19.000            14.000
CHE_cum_mUSD                      14.000          120.000           29.000           5.000           9.000           8.000           6.000           9.000          15.000           5.000           7.000           4.000           17.000           5.000           6.000           7.000           5.000           7.000          11.000           5.000           7.000           4.000           13.000           10.000            12.000            5.000            14.000             4.000
CHE_%quarter                       0.007            0.059            0.014           0.003           0.005           0.004           0.003           0.004           0.008           0.003           0.003           0.002            0.008           0.002           0.003           0.004           0.002           0.004           0.006           0.002           0.003           0.002            0.006            0.005             0.006            0.003             0.007             0.002
CHE_peak_%week                     0.009            0.264            0.055           0.002           0.011           0.005           0.006           0.008           0.022           0.003           0.004           0.002            0.023           0.002           0.003           0.004           0.002           0.006           0.007           0.002           0.004           0.002            0.020            0.007             0.007            0.003             0.009             0.002
CHE_peak_week                     16.000           17.000           23.000           9.000          17.000          14.000          17.000          16.000          17.000           9.000           9.000           9.000           12.000          16.000          16.000          16.000          16.000          18.000          23.000          16.000          16.000          16.000           18.000            9.000            16.000           15.000            16.000             9.000
CHE_loss_weeks                     0.000            6.000            3.000           0.000           2.000           0.000           0.000           0.000           2.000           0.000           0.000           0.000            3.000           0.000           0.000           0.000           0.000           0.000           0.000           0.000           0.000           0.000            2.000            0.000             0.000            0.000             0.000             0.000
BEL_cum_mUSD                      33.000         5273.000         2935.000          25.000          23.000          49.000          31.000          20.000          22.000          33.000          31.000          41.000           21.000          29.000          22.000          47.000          28.000          20.000          19.000          29.000          34.000          41.000           17.000           25.000            29.000           31.000            36.000            29.000
BEL_%quarter                       0.025            3.873            2.156           0.019           0.017           0.036           0.022           0.015           0.016           0.024           0.023           0.030            0.015           0.021           0.016           0.035           0.021           0.015           0.014           0.021           0.025           0.030            0.012            0.019             0.021            0.023             0.026             0.022
BEL_peak_%week                     0.031           10.708            6.594           0.034           0.030           0.046           0.036           0.030           0.028           0.040           0.044           0.041            0.032           0.026           0.023           0.033           0.024           0.024           0.023           0.024           0.035           0.029            0.023            0.032             0.027            0.041             0.034             0.034
BEL_peak_week                      6.000           18.000           23.000           8.000           7.000           9.000           8.000           7.000           7.000          15.000           7.000           9.000            7.000           7.000           7.000          16.000           7.000           7.000           7.000           7.000           5.000          16.000            7.000            8.000             7.000            8.000             8.000             9.000
BEL_loss_weeks                    15.000           20.000           23.000           9.000           8.000          16.000          12.000           6.000           7.000          11.000           9.000          15.000            6.000          14.000           8.000          19.000          13.000           7.000           5.000          12.000          12.000          18.000            5.000           11.000            13.000           11.000            15.000            12.000

== weekly value-added loss of DEU (mUSD/week) ==
           2026_gs1_base  2026_gs1_nopool  2018_gs1_nopool  2026_gs1_seed1  2026_gs1_seed2  2026_gs1_seed3  2026_gs1_seed4  2026_gs1_seed5  2026_gs1_seed6  2026_gs1_seed7  2026_gs1_seed8  2026_gs1_seed9  2026_gs1_seed10  2018_gs1_seed1  2018_gs1_seed2  2018_gs1_seed3  2018_gs1_seed4  2018_gs1_seed5  2018_gs1_seed6  2018_gs1_seed7  2018_gs1_seed8  2018_gs1_seed9  2018_gs1_seed10  2026_gs1_deep20  2026_gs1_fleet20  2026_gs1_stock7  2026_gs1_stock7t  2026_gs1_package
time_step                                                                                                                                                                                                                                                                                                                                                                                                                                                                           
0                    0.0              0.0              0.0             0.0             0.0             0.0             0.0             0.0             0.0             0.0             0.0             0.0              0.0             0.0             0.0             0.0             0.0             0.0             0.0             0.0             0.0             0.0              0.0              0.0               0.0              0.0               0.0               0.0
1                    0.0              0.0              0.0             0.0             0.0             0.0             0.0             0.0             0.0             0.0             0.0             0.0              0.0             0.0             0.0             0.0             0.0             0.0             0.0             0.0             0.0             0.0              0.0              0.0               0.0              0.0               0.0               0.0
2                  100.2             77.6             48.7           141.1           108.0            99.9            95.4           150.5           114.0            98.7           124.8            83.8            111.3            82.1            57.5            43.6            29.7            78.4            64.7            53.4            72.1            38.3             43.1             49.3             100.2             10.0              14.2               4.9
3                   74.5             59.1             55.4            98.6            72.3            57.6            45.6            98.0            79.5            66.7            87.1            49.9             60.2            92.2            66.3            51.8            38.5            90.0            73.6            61.5            81.2            45.1             52.6             34.2              74.5             10.7              13.7               5.1
4                  145.9            134.6            135.4           172.6           153.8           123.8           123.4           222.3           167.2           123.9           176.8           116.9            152.8           192.4           160.9           146.2           147.1           234.0           175.7           137.7           187.3           127.8            168.1             61.5             145.9             15.1              20.6               8.0
5                  286.2            289.8            195.8           324.9           322.5           253.9           306.0           470.1           334.4           264.1           333.4           248.8            358.2           229.2           220.0           183.6           205.1           333.7           238.2           179.8           246.1           182.6            248.6            177.4             225.2             60.5              90.2              16.0
6                  511.7            568.8            393.4           346.7           412.9           214.4           359.9           602.3           511.8           372.8           451.0           205.9            385.4           248.7           254.0           161.0           194.5           374.4           316.6           207.9           277.3           162.3            238.1            161.0             401.5            154.0             196.1              17.0
7                  706.8            823.5            562.6           505.2           638.4           312.7           665.3           910.9           737.8           566.4           646.1           300.5            777.4           307.6           382.9           186.9           380.4           596.5           488.5           384.2           410.9           181.6            401.5            428.5             569.0            285.9             320.0              97.3
8                  925.1           1095.6            605.3           560.9           829.6           346.7           918.5          1079.9           956.4           732.5           720.9           329.7           1064.7           219.8           357.8           129.4           409.6           521.3           456.4           331.5           311.7           132.2            455.9            691.3             736.2            376.2             610.4             172.1
9                 1065.0           1341.8            394.9           705.1          1050.7           446.4          1092.8          1275.8          1150.1           914.2           875.0           412.3           1362.8            26.3           122.3             2.4           138.2           144.3           170.6            98.9            72.3             5.0            219.6            819.0             936.4            531.7             914.9             227.4
10                1192.3           1684.1            224.4           929.3          1242.9           597.7          1236.4          1414.5          1363.6          1240.6           974.7           516.7           1457.1           109.2           101.0            46.8            50.2           128.4           106.9            77.1           107.3            57.3            112.7            785.3             978.6            784.4            1051.9             201.2
11                 799.5           1777.5            395.9           886.0           882.4           384.7           840.4           817.5          1182.7          1005.0           712.6           348.7           1056.5           244.0           248.9           132.8           178.5           371.2           297.8           206.9           278.1           136.8            246.4            419.2             565.6            450.5             575.6              58.5
12                 591.1           1887.8            507.8          1060.6           701.7           594.8           369.3           554.3           974.1          1015.9           767.1           481.4            799.2           179.8           271.5            80.0           294.5           386.0           347.2           249.9           263.6            87.5            323.1            130.1             234.6            155.3             176.6              80.6
13                 513.6           1694.9            505.6           811.4           539.8           321.9           451.4           738.3          1196.1           581.8           779.4           345.9            766.8           217.4           265.9           114.1           272.7           396.6           348.1           245.0           286.2           119.5            383.8            348.5             358.5            364.8             406.6             171.6
14                1118.3           2467.3            632.2          1023.5          1177.9           723.0          1202.8          1437.9          1362.0          1040.1           958.9           667.4           1136.5           307.3           372.6           169.0           364.6           515.7           468.4           314.8           378.3           166.8            502.4            718.3             879.4            854.1             982.8             296.9
15                1630.6           3559.7            956.3          1418.9          1668.6           943.4          1656.9          1718.1          1772.3          1565.5          1071.5           848.6           1491.6           478.0           591.1           286.6           606.3           794.1           699.2           535.8           576.2           270.5            829.9            893.5            1182.4           1077.4            1391.8             341.0
16                1825.3           5364.4           1435.1          1675.9          1981.1          1149.7          1601.1          1473.2          2067.6          1860.3          1239.3           928.8           1488.0           688.8           789.6           322.3           829.1           994.5          1078.4           759.5           759.5           301.7           1078.4            722.3            1261.3            733.2            1445.6             257.6
17                2048.1           6887.2           1796.4          1705.0          1311.3           811.1          1387.9          1144.9          2301.7          1453.8          1258.7           785.7           1418.7           651.2           818.6           397.1           769.7          1019.6          1205.9           992.4           671.4           387.4           1082.9            359.3             668.6            265.7             993.5              93.7
18                 987.1           6742.4           1912.4           885.5           634.5           207.0           704.1           632.6          1500.8           616.4           636.4           299.3            565.1          1059.2           654.4           330.3           615.2           787.6          1241.3           847.0           844.7           351.7           1037.8             85.5             532.5             77.0             690.1              21.5
19                 434.8           5432.7           2180.1           370.6           333.9            59.3           192.4           326.9           462.1           302.2           223.3            97.2            202.3           760.5           779.5           478.6           671.8           837.2          1231.1           798.7           680.7           471.8            943.0             26.8              87.6             15.2              48.9               4.3
20                  86.8           3339.0           2523.8           235.7            19.2            44.6            41.6           263.2           140.2           192.4           262.9            82.2             17.8           952.1           969.3           596.1           825.3           993.7          1310.7           862.0           734.8           515.3            902.8              5.3              40.5              4.1               6.8               2.1
21                   6.8           1504.5           3731.8            11.0             5.2             0.5             1.6             5.6            17.6             5.1             2.5             5.2              3.5          1173.1          1152.3           697.1          1011.1          1171.0          1401.5          1172.5           943.2           612.4            983.0              2.1               7.6              2.6               2.2               1.4
22                   2.4            188.7           4751.6             6.5             1.6             0.4             0.5             1.2             9.8             2.1             0.6             3.8              2.5           891.5           964.5           546.1           806.6           772.8          1217.1          1012.7           696.3           466.3            595.6              0.8               2.2              1.3               1.1               1.1
23                   0.8             20.6           4875.4             4.4             0.5             0.1             0.1             0.4             5.7             1.1             0.6             2.5              1.2           830.0           468.8           381.3           378.1           358.3           988.5           747.5           637.9           330.9            320.6              0.6               0.8              1.1               1.0               0.9
24                   0.7              8.3           3649.5             3.9             0.3             0.0             0.0             0.3             3.5             0.7             0.4             1.3              0.1           393.3            67.4            83.3           152.1           168.9           595.2           246.9           277.6           118.9            112.0              0.5               0.6              0.9               0.8               0.7
25                   0.6             16.1           1180.2             2.6             0.2             0.0             0.0             0.2             1.3             0.4             0.3             0.4              0.0           170.0            13.7            16.9            16.7           108.3           172.4           124.6           108.7            59.4              5.4              0.4               0.5              0.7               0.7               0.5
26                   0.5              8.6            141.8             1.0             0.1             0.0             0.0             0.1             0.1             0.2             0.2             0.1              0.0             3.8             0.5             0.1             0.7             0.9             4.8            67.7             0.6             0.7              2.1              0.3               0.5              0.6               0.6               0.4
27                   0.4              4.7              8.5             0.5             0.0             0.0             0.0             0.1             0.1             0.1             0.1             0.0              0.0             2.6             0.2             0.0             0.0             0.2             2.4             0.3             0.3             0.2              0.9              0.3               0.4              0.5               0.5               0.3
28                   0.3              4.5              7.5             0.6             0.0             0.0             0.0             0.0             0.0             0.0             0.1             0.0              0.0             1.3             0.1             0.0             0.0             0.1             0.4             0.1             0.2             0.0              0.0              0.2               0.3              0.4               0.4               0.3
29                   0.3              4.2              5.0             0.5             0.0             0.0             0.0             0.0             0.0             0.0             0.0             0.0              0.0             0.5             0.1             0.0             0.0             0.1             0.1             0.1             0.1             0.0              0.0              0.1               0.2              0.3               0.3               0.2
30                   0.2              4.4              3.8             0.4             0.0             0.0             0.0             0.0             0.0             0.0             0.0             0.0              0.0             0.6             0.0             0.0             0.0             0.0             0.0             0.0             0.1             0.0              0.0              0.1               0.1              0.3               0.2               0.1
31                   0.1              4.6              3.7             0.3             0.0             0.0             0.0             0.0             0.0             0.0             0.0             0.0              0.0             0.4             0.0             0.0             0.0             0.0             0.0             0.0             0.0             0.0              0.0              0.0               0.1              0.2               0.1               0.1
32                   0.1              NaN              3.9             NaN             NaN             NaN             NaN             NaN             NaN             NaN             NaN             NaN              NaN             0.3             0.0             0.0             0.0             0.0             0.0             0.0             0.0             0.0              0.0              NaN               NaN              NaN               NaN               NaN
33                   0.0              NaN              3.9             NaN             NaN             NaN             NaN             NaN             NaN             NaN             NaN             NaN              NaN             0.2             0.0             0.0             0.0             0.0             0.0             0.0             0.0             0.0              0.0              NaN               NaN              NaN               NaN               NaN
34                   0.0              NaN              3.7             NaN             NaN             NaN             NaN             NaN             NaN             NaN             NaN             NaN              NaN             0.0             0.0             0.0             0.0             0.0             0.0             0.0             0.0             0.0              0.0              NaN               NaN              NaN               NaN               NaN
35                   0.0              NaN              3.2             NaN             NaN             NaN             NaN             NaN             NaN             NaN             NaN             NaN              NaN             0.0             0.0             0.0             0.0             0.0             0.0             0.0             0.0             0.0              0.0              NaN               NaN              NaN               NaN               NaN
36                   0.0              NaN              2.7             NaN             NaN             NaN             NaN             NaN             NaN             NaN             NaN             NaN              NaN             0.0             0.0             0.0             0.0             0.0             0.0             0.0             0.0             0.0              0.0              NaN               NaN              NaN               NaN               NaN
37                   0.0              NaN              2.1             NaN             NaN             NaN             NaN             NaN             NaN             NaN             NaN             NaN              NaN             0.0             0.0             0.0             0.0             0.0             0.0             0.0             0.0             0.0              0.0              NaN               NaN              NaN               NaN               NaN
38                   0.0              NaN              1.5             NaN             NaN             NaN             NaN             NaN             NaN             NaN             NaN             NaN              NaN             0.0             0.0             0.0             0.0             0.0             0.0             0.0             0.0             0.0              0.0              NaN               NaN              NaN               NaN               NaN
39                   0.0              NaN              0.9             NaN             NaN             NaN             NaN             NaN             NaN             NaN             NaN             NaN              NaN             0.0             0.0             0.0             0.0             0.0             0.0             0.0             0.0             0.0              0.0              NaN               NaN              NaN               NaN               NaN
40                   NaN              NaN              0.3             NaN             NaN             NaN             NaN             NaN             NaN             NaN             NaN             NaN              NaN             0.0             0.0             0.0             0.0             0.0             0.0             0.0             0.0             0.0              0.0              NaN               NaN              NaN               NaN               NaN
41                   NaN              NaN              0.1             NaN             NaN             NaN             NaN             NaN             NaN             NaN             NaN             NaN              NaN             0.0             0.0             0.0             0.0             0.0             0.0             0.0             0.0             0.0              0.0              NaN               NaN              NaN               NaN               NaN
42                   NaN              NaN              0.1             NaN             NaN             NaN             NaN             NaN             NaN             NaN             NaN             NaN              NaN             0.0             0.0             0.0             0.0             0.0             0.0             0.0             0.0             0.0              0.0              NaN               NaN              NaN               NaN               NaN

written /projects/disruptsc/runs/rhine2026/compare_runs_batch.csv
