== cumulated value-added loss (mUSD), % of a quarter, peak week (% of a week's VA), loss weeks (> 0.01 % of a week) ==
   gross = weekly shortfalls clipped at zero; net = backlog left at the end for goods and construction (A-F) + gross for the perishable sectors; delay = carrying cost of the backlog while outstanding
run                        2018_gs_inv100  2018_gs_inv125  2018_gs_inv150   2018_gs  2018_pipe
weeks                              42.000          42.000          42.000    42.000     42.000
EU_cum_mUSD                     12759.000        8595.000        6852.000  4852.000   3473.000
EU_%quarter                         0.310           0.209           0.167     0.118      0.084
EU_peak_%week                       0.402           0.272           0.238     0.181      0.297
firms<99%_peak_%                    3.470           2.880           2.780     2.490      2.560
cons_loss_cum_mUSD              14156.000        8789.000        6769.000  4847.000   2701.000
cons_loss_peak_%                    0.474           0.257           0.200     0.160      0.182
DEU_net_mUSD                    10420.000        6968.000        5421.000  3523.000   2948.000
DEU_delay_mUSD                    192.700         100.900          70.200    38.100     21.700
DEU_net_deferrable_mUSD          2860.000        1436.000        1001.000   514.000    336.000
DEU_gross_perishable_mUSD        7559.000        5532.000        4420.000  3009.000   2612.000
EU_net_mUSD                     11998.000        8242.000        6582.000  4603.000   3252.000
EU_delay_mUSD                     259.400         160.300         128.000    93.000     28.700
EU_net_deferrable_mUSD           3756.000        2220.000        1769.000  1249.000    417.000
EU_gross_perishable_mUSD         8242.000        6022.000        4813.000  3355.000   2834.000
DEU_cum_mUSD                    11067.000        7215.000        5589.000  3664.000   3062.000
DEU_%quarter                        1.159           0.755           0.585     0.384      0.321
DEU_peak_%week                      1.562           1.016           0.880     0.676      1.219
DEU_peak_week                      21.000          16.000          16.000    21.000     21.000
DEU_loss_weeks                     24.000          23.000          22.000    20.000      9.000

== other countries ==
run                        2018_gs_inv100  2018_gs_inv125  2018_gs_inv150  2018_gs  2018_pipe
NLD_net_mUSD                      115.000         135.000         154.000  185.000     57.000
NLD_delay_mUSD                      8.700           9.800          10.700   12.000      3.200
NLD_net_deferrable_mUSD           100.000         117.000         131.000  152.000     36.000
NLD_gross_perishable_mUSD          15.000          17.000          23.000   33.000     21.000
AUT_net_mUSD                      146.000          89.000          48.000   20.000      2.000
AUT_delay_mUSD                      1.200           1.200           1.300    1.300      0.100
AUT_net_deferrable_mUSD            17.000          17.000          18.000   19.000      2.000
AUT_gross_perishable_mUSD         130.000          72.000          30.000    1.000      1.000
FRA_net_mUSD                      902.000         672.000         609.000  509.000    176.000
FRA_delay_mUSD                     39.000          29.400          26.100   20.700      1.200
FRA_net_deferrable_mUSD           540.000         393.000         348.000  274.000     12.000
FRA_gross_perishable_mUSD         361.000         279.000         261.000  235.000    164.000
CHE_net_mUSD                       13.000          10.000           5.000    5.000      1.000
CHE_delay_mUSD                      0.400           0.300           0.300    0.300      0.000
CHE_net_deferrable_mUSD             5.000           5.000           5.000    5.000      1.000
CHE_gross_perishable_mUSD           7.000           6.000           0.000    0.000      0.000
BEL_net_mUSD                       24.000          24.000          28.000   35.000     14.000
BEL_delay_mUSD                      1.200           1.300           1.500    1.700      0.400
BEL_net_deferrable_mUSD            12.000          15.000          17.000   20.000      3.000
BEL_gross_perishable_mUSD          11.000           9.000          11.000   15.000     11.000
NLD_cum_mUSD                      153.000         167.000         185.000  212.000    114.000
NLD_%quarter                        0.065           0.072           0.079    0.091      0.049
NLD_peak_%week                      0.067           0.071           0.071    0.084      0.127
NLD_peak_week                       7.000           7.000           7.000   16.000     16.000
NLD_loss_weeks                     21.000          21.000          21.000   21.000      8.000
AUT_cum_mUSD                      148.000          90.000          48.000   21.000      3.000
AUT_%quarter                        0.135           0.082           0.044    0.019      0.003
AUT_peak_%week                      0.144           0.117           0.073    0.016      0.022
AUT_peak_week                      16.000          16.000          15.000   16.000     16.000
AUT_loss_weeks                     22.000          19.000          16.000   14.000      2.000
FRA_cum_mUSD                      952.000         722.000         659.000  568.000    203.000
FRA_%quarter                        0.146           0.111           0.101    0.087      0.031
FRA_peak_%week                      0.170           0.127           0.124    0.121      0.115
FRA_peak_week                      21.000          16.000          16.000   16.000     16.000
FRA_loss_weeks                     23.000          22.000          19.000   19.000      6.000
CHE_cum_mUSD                       13.000          11.000           5.000    5.000      1.000
CHE_%quarter                        0.006           0.005           0.002    0.003      0.001
CHE_peak_%week                      0.007           0.006           0.002    0.002      0.003
CHE_peak_week                      18.000          16.000          21.000   16.000     16.000
CHE_loss_weeks                      0.000           0.000           0.000    0.000      0.000
BEL_cum_mUSD                       31.000          31.000          35.000   42.000     26.000
BEL_%quarter                        0.023           0.023           0.026    0.031      0.019
BEL_peak_%week                      0.026           0.029           0.029    0.029      0.049
BEL_peak_week                       6.000           7.000           7.000    7.000     16.000
BEL_loss_weeks                     13.000          13.000          14.000   18.000      7.000

== weekly value-added loss of DEU (mUSD/week) ==
           2018_gs_inv100  2018_gs_inv125  2018_gs_inv150  2018_gs  2018_pipe
time_step                                                                    
0                     0.0             0.0             0.0      0.0        0.0
1                     0.0             0.0             0.0      0.0        0.0
2                    62.9             8.9             6.3      6.3        0.0
3                    70.6            29.3             9.1      9.1        0.0
4                   154.8           100.9            47.3     16.0        0.0
5                   205.0           145.6           110.9     25.5        0.0
6                   334.5           152.5           128.3     84.7        0.0
7                   472.9           205.5           159.6    108.6        0.0
8                   461.5           335.8           130.5     93.6        0.0
9                   213.9           160.9            22.5      7.8        0.0
10                   91.7            76.7            61.9     40.0        0.0
11                  265.9           189.0           141.2    117.5        0.0
12                  356.1           294.3           165.1     77.9        0.0
13                  347.2           282.4           219.1    110.4        0.0
14                  432.2           373.5           312.4    161.4        0.0
15                  621.8           544.6           474.4    261.8       27.3
16                  842.6           746.2           646.5    315.6      292.7
17                  853.6           652.2           583.1    412.9       33.9
18                  724.7           461.7           418.8    315.3      252.8
19                  646.6           524.5           425.0    335.1      444.0
20                  859.9           643.7           523.6    424.8      504.2
21                 1147.5           737.6           617.4    496.4      896.0
22                  931.2           419.2           358.9    226.2      592.2
23                  626.4           113.7            13.6      7.1       12.0
24                  328.7            10.3             7.7      3.0        5.8
25                   12.2             2.5             1.8      1.3        1.1
26                    0.7             0.8             0.8      1.1        0.0
27                    0.5             0.6             0.6      0.8        0.0
28                    0.4             0.6             0.6      0.7        0.0
29                    0.4             0.5             0.5      0.6        0.0
30                    0.3             0.4             0.4      0.5        0.0
31                    0.2             0.3             0.3      0.4        0.0
32                    0.2             0.2             0.2      0.3        0.0
33                    0.1             0.2             0.2      0.3        0.0
34                    0.1             0.1             0.1      0.2        0.0
35                    0.0             0.1             0.1      0.1        0.0
36                    0.0             0.0             0.0      0.1        0.0
37                    0.0             0.0             0.0      0.0        0.0
38                    0.0             0.0             0.0      0.0        0.0
39                    0.0             0.0             0.0      0.0        0.0
40                    0.0             0.0             0.0      0.0        0.0
41                    0.0             0.0             0.0      0.0        0.0
42                    0.0             0.0             0.0      0.0        0.0

written studies/rhine2026/additional_data/compare_runs_gsladder_20260928.csv
