== cumulated value-added loss (mUSD), % of a quarter, peak week (% of a week's VA), loss weeks (> 0.01 % of a week) ==
   gross = weekly shortfalls clipped at zero; net = backlog left at the end for goods and construction (A-F) + gross for the perishable sectors; delay = carrying cost of the backlog while outstanding
run                        2026_s30_base  2018_s30_base  2026_s30_nopool  2018_s30_nopool  2018_s30_seed1  2018_s30_seed2  2018_s30_seed3  2018_s30_seed4  2018_s30_seed5  2018_s30_seed6  2018_s30_seed7  2018_s30_seed8  2018_s30_seed9  2018_s30_seed10  2026_s30_stock7  2026_s30_deep20  2026_s30_fleet  2026_s30_stock7t  2026_s30_package  wave30_A   wave30_B  wave30_AB_gap1  wave30_AB_gap2  wave30_AB_gap4  wave30_AB_gap8  wave30_flat  2026_s30_gateonly  2026_s30_surchargeonly  2026_s30_tablelow  2026_s30_tablehigh  2018_s30_tablelow  2018_s30_tablehigh  2026_s30_sup2  2018_s30_sup2  2026_s30_full  2018_s30_full
weeks                             43.000         42.000           43.000           42.000          42.000          42.000          42.000          42.000          42.000          42.000          42.000          42.000          42.000           42.000           43.000           43.000          43.000            43.000            43.000    30.000     33.000          44.000          45.000          47.000          51.000       43.000             43.000                   43.00             43.000              43.000             42.000              42.000         43.000         42.000         43.000         42.000
EU_cum_mUSD                    18908.000      11528.000       183813.000        50193.000        8688.000        9927.000        5625.000        9731.000       12156.000       10861.000        9071.000        8936.000        5828.000        12012.000        11127.000        12036.000       16173.000         15411.000          4490.000  7128.000  10545.000       18545.000       18259.000       17793.000       17067.000    14782.000          20457.000                    7.00          23097.000           13269.000          15932.000            7976.000       8004.000       4684.000      18908.000      11528.000
EU_%quarter                        0.460          0.280            4.470            1.221           0.211           0.241           0.137           0.237           0.296           0.264           0.221           0.217           0.142            0.292            0.271            0.293           0.393             0.375             0.109     0.173      0.256           0.451           0.444           0.433           0.415        0.359              0.497                    0.00              0.562               0.323              0.387               0.194          0.195          0.114          0.460          0.280
EU_peak_%week                      0.722          0.364            8.420            2.857           0.265           0.320           0.190           0.316           0.355           0.320           0.316           0.261           0.187            0.365            0.446            0.452           0.776             0.722             0.208     0.436      0.521           0.766           0.671           0.646           0.548        0.252              0.708                    0.00              0.743               0.502              0.486               0.223          0.259          0.173          0.722          0.364
firms<99%_peak_%                   3.780          3.430           21.650            9.690           2.980           3.280           2.930           3.300           3.330           3.210           3.180           3.200           2.740            3.670            3.160            3.820           3.910             3.620             2.710     3.430      3.690           3.980           3.890           3.850           3.830        3.230              3.810                    0.13              3.740               3.710              3.670               3.080          3.610          3.210          3.780          3.430
cons_loss_cum_mUSD             22956.000      12505.000       258468.000        65591.000        7717.000       11912.000        6315.000       10468.000       12798.000       11248.000        9754.000        9656.000        6194.000        12239.000        12006.000        13527.000       18877.000         18838.000          4932.000  6647.000  11439.000       21740.000       20844.000       19557.000       17889.000    18184.000          25364.000                    0.00          28869.000           15450.000          18113.000            8229.000       7204.000       4109.000      22956.000      12505.000
cons_loss_peak_%                   0.867          0.415           11.489            4.148           0.251           0.384           0.237           0.381           0.424           0.335           0.338           0.284           0.208            0.359            0.404            0.580           0.887             0.863             0.174     0.389      0.588           0.893           0.809           0.754           0.623        0.306              0.859                    0.00              0.903               0.577              0.579               0.230          0.229          0.131          0.867          0.415
DEU_net_mUSD                   15073.000       9146.000        63623.000        22675.000        6572.000        8505.000        3901.000        8315.000       10650.000        9219.000        7549.000        7600.000        3715.000        10686.000         8954.000         9562.000       12708.000         12063.000          3319.000  5615.000   8356.000       14777.000       14504.000       14096.000       13452.000    12072.000          16352.000                    1.00          18467.000           10571.000          12607.000            6448.000       6942.000       3977.000      15073.000       9146.000
DEU_delay_mUSD                   410.000        168.000         2371.000          628.000         172.700         151.300          86.300         108.600         212.900         191.100         177.200         188.500          58.100          143.400          185.500          205.600         320.200           310.800            60.500    68.500    161.400         380.000         360.100         335.300         311.500      279.700            465.000                    0.00            555.300             243.600            277.600              97.100        119.100         46.900        410.000        168.000
DEU_net_deferrable_mUSD         5195.000       2378.000        33609.000         9541.000        2431.000        2224.000        1305.000        1644.000        3107.000        2620.000        2560.000        2700.000         846.000         2086.000         2351.000         2651.000        4120.000          3986.000           777.000  1136.000   2259.000        4820.000        4542.000        4163.000        3717.000     3654.000           5842.000                    0.00           6853.000            3132.000           3907.000            1367.000       1567.000        702.000       5195.000       2378.000
DEU_gross_perishable_mUSD       9878.000       6768.000        30014.000        13134.000        4141.000        6281.000        2596.000        6671.000        7544.000        6599.000        4989.000        4899.000        2868.000         8601.000         6603.000         6910.000        8587.000          8077.000          2542.000  4479.000   6096.000        9957.000        9962.000        9933.000        9735.000     8418.000          10510.000                    1.00          11614.000            7439.000           8700.000            5081.000       5375.000       3275.000       9878.000       6768.000
EU_net_mUSD                    17239.000      10724.000       161466.000        42601.000        7963.000        9311.000        5202.000        9164.000       11527.000        9968.000        8400.000        8433.000        5399.000        11494.000        10361.000        11206.000       14725.000         13987.000          4302.000  6667.000   9719.000       17019.000       16793.000       16417.000       15806.000    14088.000          18582.000                    7.00          20832.000           12337.000          14505.000            7701.000       7891.000       4602.000      17239.000      10724.000
EU_delay_mUSD                    513.300        234.700         5529.000         1158.800         216.200         179.200         152.700         140.600         243.700         219.500         207.800         224.500         120.700          162.100          266.000          280.500         413.900           415.100           115.600   100.200    214.300         486.200         468.200         445.800         426.000      376.100            572.900                    0.10            670.000             326.100            358.600             150.100        165.900         75.500        513.300        234.700
EU_net_deferrable_mUSD          6506.000       3273.000        81482.000        18178.000        3006.000        2570.000        2241.000        2054.000        3488.000        2973.000        2948.000        3175.000        1711.000         2309.000         3368.000         3611.000        5320.000          5312.000          1489.000  1663.000   3020.000        6153.000        5883.000        5500.000        5037.000     4889.000           7205.000                    2.00           8290.000            4185.000           5000.000            2072.000       2174.000       1093.000       6506.000       3273.000
EU_gross_perishable_mUSD       10733.000       7451.000        79983.000        24423.000        4957.000        6740.000        2962.000        7111.000        8039.000        6995.000        5452.000        5258.000        3688.000         9185.000         6993.000         7595.000        9405.000          8675.000          2813.000  5003.000   6699.000       10866.000       10910.000       10917.000       10769.000     9199.000          11378.000                    6.00          12542.000            8152.000           9506.000            5630.000       5717.000       3509.000      10733.000       7451.000
DEU_cum_mUSD                   16612.000       9836.000        73129.000        26748.000        7221.000        9036.000        4285.000        8776.000       11182.000       10011.000        8090.000        8039.000        4059.000        11109.000         9609.000        10308.000       14036.000         13357.000          3448.000  5978.000   9090.000       16162.000       15822.000       15318.000       14543.000    12667.000          18091.000                    1.00          20577.000           11416.000          13882.000            6643.000       7032.000       4027.000      16612.000       9836.000
DEU_%quarter                       1.739          1.030            7.655            2.800           0.756           0.946           0.449           0.919           1.171           1.048           0.847           0.842           0.425            1.163            1.006            1.079           1.469             1.398             0.361     0.626      0.952           1.692           1.656           1.604           1.522        1.326              1.894                    0.00              2.154               1.195              1.453               0.695          0.736          0.422          1.739          1.030
DEU_peak_%week                     2.842          1.398           11.635            4.746           1.004           1.299           0.674           1.258           1.443           1.297           1.285           1.034           0.614            1.474            1.780            1.793           3.020             2.853             0.793     1.623      1.935           3.010           2.630           2.590           2.055        0.925              2.803                    0.00              2.925               1.935              1.897               0.826          0.998          0.662          2.842          1.398
DEU_peak_week                     17.000         21.000           19.000           23.000          21.000          21.000          21.000          21.000          21.000          17.000          17.000          16.000          21.000           17.000           17.000           18.000          17.000            17.000            17.000    10.000      7.000          18.000          20.000          22.000          25.000        6.000             17.000                   39.00             16.000              17.000             21.000              16.000         17.000         16.000         17.000         21.000
DEU_loss_weeks                    23.000         23.000           27.000           25.000          23.000          23.000          20.000          23.000          23.000          24.000          23.000          23.000          21.000           23.000           22.000           22.000          23.000            23.000            19.000    12.000     13.000          24.000          25.000          25.000          25.000       25.000             24.000                    0.00             24.000              23.000             23.000              23.000         22.000         21.000         23.000         23.000

== other countries ==
run                        2026_s30_base  2018_s30_base  2026_s30_nopool  2018_s30_nopool  2018_s30_seed1  2018_s30_seed2  2018_s30_seed3  2018_s30_seed4  2018_s30_seed5  2018_s30_seed6  2018_s30_seed7  2018_s30_seed8  2018_s30_seed9  2018_s30_seed10  2026_s30_stock7  2026_s30_deep20  2026_s30_fleet  2026_s30_stock7t  2026_s30_package  wave30_A  wave30_B  wave30_AB_gap1  wave30_AB_gap2  wave30_AB_gap4  wave30_AB_gap8  wave30_flat  2026_s30_gateonly  2026_s30_surchargeonly  2026_s30_tablelow  2026_s30_tablehigh  2018_s30_tablelow  2018_s30_tablehigh  2026_s30_sup2  2018_s30_sup2  2026_s30_full  2018_s30_full
NLD_net_mUSD                     126.000        115.000        10476.000         2386.000         218.000          97.000         216.000         123.000         113.000          87.000          96.000         140.000         215.000           53.000          153.000          127.000         128.000           130.000           166.000    73.000    94.000         132.000         136.000         144.000         162.000      144.000            125.000                     0.0            123.000             132.000            110.000             115.000        246.000        171.000        126.000        115.000
NLD_delay_mUSD                     9.700          8.700          523.900          102.300          14.500           7.000          14.000           8.700           8.300           6.900           6.700          10.400          13.600            3.600           11.200            9.300           9.700             9.600            11.300     3.900     5.700          10.200          10.500          11.200          12.500       11.400              9.700                     0.0              9.500               9.900              8.600               8.400         17.000         10.700          9.700          8.700
NLD_net_deferrable_mUSD          106.000        100.000         8083.000         1763.000         190.000          70.000         188.000         101.000          88.000          70.000          69.000         125.000         180.000           27.000          130.000          109.000         109.000           107.000           143.000    56.000    76.000         111.000         115.000         121.000         133.000      128.000            105.000                     0.0            101.000             115.000             91.000             102.000        217.000        144.000        106.000        100.000
NLD_gross_perishable_mUSD         20.000         15.000         2393.000          623.000          27.000          26.000          28.000          22.000          25.000          17.000          27.000          15.000          35.000           26.000           23.000           18.000          19.000            23.000            23.000    17.000    19.000          21.000          21.000          23.000          29.000       16.000             20.000                     0.0             21.000              17.000             19.000              13.000         28.000         28.000         20.000         15.000
AUT_net_mUSD                     178.000        146.000         8334.000         3068.000          27.000          71.000          87.000         161.000          85.000         105.000         117.000          94.000          23.000          142.000           45.000          142.000         172.000            53.000            19.000   106.000   116.000         194.000         205.000         212.000         216.000      172.000            181.000                     0.0            197.000             148.000            171.000             132.000        146.000         71.000        178.000        146.000
AUT_delay_mUSD                     3.400          1.200          194.100           31.600           1.300           1.300           1.300           0.500           1.300           1.100           0.700           1.400           1.200            1.200            3.100            1.400           2.600             3.500             1.300     0.500     1.100           3.100           2.900           2.600           2.400        2.000              3.900                     0.0              5.000               1.800              2.300               1.000          3.400          1.400          3.400          1.200
AUT_net_deferrable_mUSD           48.000         17.000         2717.000          458.000          18.000          18.000          17.000           6.000          18.000          15.000           9.000          19.000          16.000           15.000           44.000           19.000          36.000            49.000            18.000     9.000    16.000          43.000          40.000          35.000          30.000       28.000             55.000                     0.0             69.000              24.000             35.000              14.000         47.000         19.000         48.000         17.000
AUT_gross_perishable_mUSD        130.000        130.000         5617.000         2610.000           9.000          53.000          70.000         155.000          67.000          90.000         109.000          75.000           7.000          126.000            2.000          123.000         136.000             4.000             1.000    97.000    99.000         151.000         165.000         178.000         186.000      145.000            126.000                     0.0            127.000             124.000            135.000             119.000        100.000         51.000        130.000        130.000
FRA_net_mUSD                    1324.000        902.000        14006.000         3766.000         805.000         302.000         673.000         297.000         358.000         208.000         307.000         284.000        1186.000          301.000          811.000          938.000        1202.000          1257.000           465.000   597.000   794.000        1352.000        1372.000        1376.000        1367.000     1176.000           1380.000                     0.0           1480.000            1020.000           1148.000             651.000        183.000        124.000       1324.000        902.000
FRA_delay_mUSD                    66.700         39.000          497.300          133.800           7.200           1.600          32.800           9.500           3.900           4.800           8.100           6.500          33.200            2.200           41.400           44.500          58.900            67.300            22.200    19.100    32.900          68.300          69.400          70.500          71.200       58.400             70.400                     0.0             75.900              49.600             50.700              27.600          4.400          2.600         66.700         39.000
FRA_net_deferrable_mUSD          850.000        540.000         7290.000         2076.000          89.000          21.000         483.000         130.000          49.000          65.000         112.000          94.000         473.000           28.000          515.000          574.000         760.000           859.000           278.000   324.000   470.000         861.000         865.000         856.000         822.000      758.000            892.000                     0.0            949.000             637.000            708.000             374.000         58.000         36.000        850.000        540.000
FRA_gross_perishable_mUSD        474.000        361.000         6715.000         1690.000         717.000         281.000         189.000         167.000         309.000         143.000         194.000         190.000         713.000          273.000          296.000          364.000         442.000           398.000           188.000   274.000   324.000         492.000         507.000         519.000         545.000      418.000            489.000                     0.0            531.000             383.000            439.000             277.000        125.000         88.000        474.000        361.000
CHE_net_mUSD                      17.000         13.000          975.000           22.000           5.000           6.000           7.000           4.000           7.000          11.000           5.000           6.000           4.000           13.000            6.000           13.000          16.000            17.000             4.000     8.000    10.000          17.000          18.000          18.000          18.000       17.000             18.000                     0.0             20.000              14.000             15.000              10.000          5.000          4.000         17.000         13.000
CHE_delay_mUSD                     0.600          0.400           58.100            0.900           0.300           0.300           0.500           0.300           0.300           0.300           0.300           0.500           0.300            0.300            0.500            0.400           0.500             0.600             0.300     0.200     0.300           0.600           0.600           0.600           0.700        0.600              0.600                     0.0              0.600               0.500              0.500               0.300          0.400          0.200          0.600          0.400
CHE_net_deferrable_mUSD            8.000          5.000          908.000           15.000           5.000           5.000           7.000           4.000           5.000           5.000           5.000           6.000           4.000            4.000            6.000            6.000           7.000             7.000             4.000     3.000     5.000           8.000           8.000           8.000           8.000        8.000              8.000                     0.0              8.000               6.000              7.000               4.000          5.000          4.000          8.000          5.000
CHE_gross_perishable_mUSD          9.000          7.000           67.000            8.000           0.000           1.000           0.000           0.000           2.000           6.000           0.000           0.000           0.000            9.000            0.000            7.000           9.000             9.000             0.000     5.000     6.000          10.000          10.000          10.000          10.000        9.000             10.000                     0.0             11.000               8.000              9.000               6.000          0.000          0.000          9.000          7.000
BEL_net_mUSD                      31.000         24.000        10926.000         2632.000          20.000          13.000          44.000          17.000          11.000           8.000          19.000          25.000          37.000            8.000           27.000           26.000          30.000            33.000            30.000    18.000    22.000          32.000          32.000          34.000          37.000       28.000             30.000                     0.0             30.000              27.000             27.000              21.000         40.000         30.000         31.000         24.000
BEL_delay_mUSD                     1.200          1.200          221.200           44.900           1.300           0.800           2.100           0.900           0.700           0.400           0.500           0.500           1.900            0.500            1.500            1.200           1.300             1.300             1.600     0.500     0.700           1.300           1.400           1.400           1.600        1.500              1.200                     0.0              1.100               1.300              1.100               1.100          2.300          1.500          1.200          1.200
BEL_net_deferrable_mUSD           12.000         12.000         3273.000          751.000          13.000           7.000          27.000           6.000           5.000           1.000           3.000           2.000          24.000            3.000           16.000           14.000          13.000            13.000            19.000     7.000     9.000          13.000          14.000          14.000          16.000       16.000             12.000                     0.0             10.000              14.000             11.000              13.000         28.000         19.000         12.000         12.000
BEL_gross_perishable_mUSD         18.000         11.000         7653.000         1881.000           7.000           6.000          16.000          10.000           5.000           7.000          17.000          23.000          13.000            5.000           11.000           13.000          17.000            20.000            11.000    11.000    13.000          19.000          19.000          19.000          21.000       12.000             19.000                     0.0             20.000              13.000             16.000               8.000         12.000         11.000         18.000         11.000
NLD_cum_mUSD                     162.000        153.000        12534.000         3066.000         237.000         147.000         228.000         168.000         163.000         135.000         138.000         171.000         230.000          111.000          181.000          147.000         161.000           165.000           174.000   107.000   119.000         175.000         184.000         196.000         215.000      176.000            162.000                     0.0            165.000             153.000            163.000             141.000        253.000        187.000        162.000        153.000
NLD_%quarter                       0.069          0.066            5.359            1.311           0.101           0.063           0.098           0.072           0.070           0.058           0.059           0.073           0.098            0.048            0.078            0.063           0.069             0.071             0.074     0.046     0.051           0.075           0.079           0.084           0.092        0.075              0.069                     0.0              0.071               0.065              0.070               0.060          0.108          0.080          0.069          0.066
NLD_peak_%week                     0.085          0.067           11.444            5.977           0.089           0.065           0.094           0.076           0.069           0.065           0.067           0.067           0.090            0.062            0.105            0.086           0.078             0.088             0.084     0.085     0.115           0.085           0.085           0.085           0.099        0.091              0.087                     0.0              0.092               0.076              0.074               0.060          0.118          0.092          0.085          0.067
NLD_peak_week                      8.000          7.000           21.000           24.000          16.000           7.000          16.000          16.000           7.000           7.000           7.000          16.000          16.000            7.000            9.000            8.000           9.000             8.000             9.000     8.000     5.000           8.000           8.000           8.000          22.000        4.000              6.000                    10.0              7.000               8.000              6.000               7.000          9.000         16.000          8.000          7.000
NLD_loss_weeks                    17.000         21.000           24.000           24.000          22.000          21.000          21.000          20.000          21.000          21.000          21.000          20.000          21.000           19.000           18.000           17.000          19.000            17.000            20.000    10.000    10.000          18.000          18.000          19.000          21.000       24.000             18.000                     0.0             17.000              20.000             22.000              20.000         21.000         19.000         17.000         21.000
AUT_cum_mUSD                     180.000        148.000         9559.000         3362.000          29.000          72.000          89.000         164.000          86.000         106.000         119.000          95.000          24.000          143.000           47.000          143.000         174.000            55.000            19.000   107.000   117.000         196.000         207.000         214.000         218.000      174.000            183.000                     0.0            199.000             150.000            173.000             133.000        147.000         71.000        180.000        148.000
AUT_%quarter                       0.164          0.135            8.718            3.066           0.027           0.066           0.081           0.149           0.079           0.097           0.108           0.087           0.022            0.131            0.043            0.130           0.159             0.050             0.017     0.098     0.107           0.179           0.189           0.196           0.199        0.158              0.167                     0.0              0.181               0.137              0.158               0.121          0.134          0.065          0.164          0.135
AUT_peak_%week                     0.197          0.144           17.580            5.647           0.040           0.087           0.089           0.212           0.088           0.166           0.126           0.098           0.020            0.187            0.091            0.197           0.206             0.092             0.015     0.197     0.239           0.214           0.214           0.203           0.226        0.176              0.193                     0.0              0.210               0.175              0.154               0.122          0.246          0.100          0.197          0.144
AUT_peak_week                      8.000         16.000           20.000           23.000          21.000          16.000          15.000          17.000          16.000          17.000          16.000           5.000          16.000           18.000           16.000            8.000          16.000            16.000            16.000     8.000     5.000          17.000          18.000          18.000          23.000        3.000              7.000                    15.0              7.000               8.000              7.000              16.000         17.000         16.000          8.000         16.000
AUT_loss_weeks                    23.000         22.000           26.000           25.000          17.000          21.000          21.000          21.000          22.000          18.000          22.000          21.000          17.000           22.000           18.000           20.000          23.000            18.000            10.000    10.000    12.000          23.000          23.000          23.000          23.000       25.000             23.000                     0.0             23.000              22.000             23.000              22.000         19.000         19.000         23.000         22.000
FRA_cum_mUSD                    1386.000        952.000        14900.000         4157.000         838.000         310.000         683.000         327.000         378.000         230.000         370.000         295.000        1236.000          310.000          865.000          982.000        1258.000          1318.000           504.000   638.000   840.000        1417.000        1438.000        1444.000        1448.000     1221.000           1443.000                     0.0           1551.000            1067.000           1210.000             688.000        186.000        127.000       1386.000        952.000
FRA_%quarter                       0.213          0.146            2.291            0.639           0.129           0.048           0.105           0.050           0.058           0.035           0.057           0.045           0.190            0.048            0.133            0.151           0.193             0.203             0.078     0.098     0.129           0.218           0.221           0.222           0.223        0.188              0.222                     0.0              0.239               0.164              0.186               0.106          0.029          0.020          0.213          0.146
FRA_peak_%week                     0.292          0.170            4.480            1.052           0.147           0.054           0.136           0.076           0.070           0.044           0.161           0.054           0.227            0.060            0.170            0.233           0.315             0.291             0.116     0.247     0.304           0.304           0.305           0.310           0.308        0.131              0.283                     0.0              0.298               0.228              0.258               0.115          0.039          0.025          0.292          0.170
FRA_peak_week                     16.000         21.000           19.000           22.000          16.000          16.000          20.000          21.000          16.000          16.000          22.000          20.000          16.000           16.000            9.000           16.000          17.000            16.000            16.000    10.000     7.000          17.000          18.000          20.000          25.000        3.000             16.000                     9.0             10.000              16.000             16.000              21.000         17.000         16.000         16.000         21.000
FRA_loss_weeks                    23.000         23.000           24.000           24.000          21.000          19.000          22.000          19.000          17.000          16.000          18.000          19.000          22.000           17.000           20.000           21.000          23.000            23.000            17.000    12.000    13.000          24.000          24.000          25.000          25.000       26.000             23.000                     0.0             23.000              23.000             24.000              23.000         13.000         15.000         23.000         23.000
CHE_cum_mUSD                      17.000         13.000         1227.000           29.000           5.000           6.000           7.000           5.000           7.000          11.000           5.000           7.000           4.000           13.000            7.000           13.000          16.000            18.000             5.000     8.000    11.000          18.000          18.000          18.000          19.000       17.000             18.000                     0.0             20.000              14.000             15.000              10.000          5.000          4.000         17.000         13.000
CHE_%quarter                       0.009          0.006            0.606            0.014           0.002           0.003           0.004           0.002           0.004           0.006           0.002           0.003           0.002            0.006            0.003            0.006           0.008             0.009             0.002     0.004     0.005           0.009           0.009           0.009           0.009        0.008              0.009                     0.0              0.010               0.007              0.008               0.005          0.003          0.002          0.009          0.006
CHE_peak_%week                     0.009          0.007            2.009            0.055           0.002           0.003           0.004           0.002           0.006           0.007           0.002           0.004           0.002            0.020            0.003            0.008           0.012             0.009             0.002     0.008     0.010           0.010           0.010           0.011           0.009        0.007              0.009                     0.0              0.010               0.008              0.010               0.005          0.003          0.002          0.009          0.007
CHE_peak_week                     17.000         18.000           19.000           23.000          16.000          16.000          16.000          16.000          18.000          23.000          16.000          16.000          16.000           18.000           16.000           17.000          17.000            17.000            16.000    11.000     5.000          18.000          19.000          21.000          25.000        4.000             16.000                    28.0             10.000              17.000             17.000              16.000         17.000         16.000         17.000         18.000
CHE_loss_weeks                     0.000          0.000           10.000            3.000           0.000           0.000           0.000           0.000           0.000           0.000           0.000           0.000           0.000            2.000            0.000            0.000           1.000             0.000             0.000     0.000     0.000           0.000           1.000           1.000           0.000        0.000              0.000                     0.0              1.000               0.000              0.000               0.000          0.000          0.000          0.000          0.000
BEL_cum_mUSD                      38.000         31.000        11895.000         2936.000          29.000          22.000          47.000          28.000          20.000          19.000          29.000          34.000          41.000           17.000           33.000           31.000          37.000            41.000            33.000    25.000    27.000          40.000          41.000          43.000          48.000       34.000             38.000                     0.0             40.000              32.000             36.000              26.000         42.000         34.000         38.000         31.000
BEL_%quarter                       0.028          0.023            8.736            2.156           0.021           0.016           0.035           0.021           0.015           0.014           0.021           0.025           0.030            0.012            0.024            0.023           0.027             0.030             0.024     0.018     0.020           0.030           0.030           0.032           0.035        0.025              0.028                     0.0              0.029               0.023              0.026               0.019          0.031          0.025          0.028          0.023
BEL_peak_%week                     0.031          0.026           21.321            6.595           0.026           0.023           0.033           0.024           0.024           0.023           0.024           0.035           0.029            0.023            0.041            0.032           0.038             0.034             0.034     0.031     0.045           0.034           0.035           0.034           0.033        0.036              0.034                     0.0              0.036               0.029              0.031               0.024          0.043          0.030          0.031          0.026
BEL_peak_week                      6.000          6.000           20.000           23.000           7.000           7.000          16.000           7.000           7.000           7.000           7.000           5.000          16.000            7.000            8.000            8.000          17.000             8.000             9.000     6.000     4.000          18.000          19.000          21.000          22.000        4.000              6.000                    33.0              6.000               7.000             17.000               7.000          9.000         16.000          6.000          6.000
BEL_loss_weeks                    16.000         13.000           24.000           23.000          14.000           8.000          19.000          13.000           7.000           5.000          12.000          12.000          18.000            5.000           12.000           12.000          14.000            16.000            13.000    10.000     8.000          17.000          17.000          18.000          18.000        9.000             16.000                     0.0             13.000              12.000             15.000               8.000         14.000         16.000         16.000         13.000

== weekly value-added loss of DEU (mUSD/week) ==
           2026_s30_base  2018_s30_base  2026_s30_nopool  2018_s30_nopool  2018_s30_seed1  2018_s30_seed2  2018_s30_seed3  2018_s30_seed4  2018_s30_seed5  2018_s30_seed6  2018_s30_seed7  2018_s30_seed8  2018_s30_seed9  2018_s30_seed10  2026_s30_stock7  2026_s30_deep20  2026_s30_fleet  2026_s30_stock7t  2026_s30_package  wave30_A  wave30_B  wave30_AB_gap1  wave30_AB_gap2  wave30_AB_gap4  wave30_AB_gap8  wave30_flat  2026_s30_gateonly  2026_s30_surchargeonly  2026_s30_tablelow  2026_s30_tablehigh  2018_s30_tablelow  2018_s30_tablehigh  2026_s30_sup2  2018_s30_sup2  2026_s30_full  2018_s30_full
time_step                                                                                                                                                                                                                                                                                                                                                                                                                                                                                                                                                                                                             
0                    0.0            0.0              0.0              0.0             0.0             0.0             0.0             0.0             0.0             0.0             0.0             0.0             0.0              0.0              0.0              0.0             0.0               0.0               0.0       0.0       0.0             0.0             0.0             0.0             0.0          0.0                0.0                     0.0                0.0                 0.0                0.0                 0.0            0.0            0.0            0.0            0.0
1                    0.0            0.0              0.0              0.0             0.0             0.0             0.0             0.0             0.0             0.0             0.0             0.0             0.0              0.0              0.0              0.0             0.0               0.0               0.0       0.0       0.0             0.0             0.0             0.0             0.0          0.0                0.0                     0.0                0.0                 0.0                0.0                 0.0            0.0            0.0            0.0            0.0
2                  100.2           62.9             77.6             48.7            82.1            57.5            43.6            29.7            78.4            64.7            53.4            72.1            38.3             43.1             10.0             49.3           100.2              14.2               4.9     100.2     231.4           100.2           100.2           100.2           100.2        235.3              102.2                     0.0              103.7                83.7               71.3                52.4           46.6            0.0          100.2           62.9
3                   74.5           70.6             59.1             55.4            92.2            66.3            51.8            38.5            90.0            73.6            61.5            81.2            45.1             52.6             10.7             34.2            74.5              13.7               5.1      74.5     427.7            74.5            74.5            74.5            74.5        315.0               78.2                     0.0               90.8                63.0               80.4                59.1           10.4            4.4           74.5           70.6
4                  145.9          154.8            134.6            135.4           192.4           160.9           146.2           147.1           234.0           175.7           137.7           187.3           127.8            168.1             15.1             61.5           145.9              20.6               8.0     145.9     686.6           145.9           145.9           145.9           145.9        475.0              165.6                     0.0              176.3               113.7              189.8               119.7           71.4           93.1          145.9          154.8
5                  286.2          205.0            289.8            195.8           229.2           220.0           183.6           205.1           333.7           238.2           179.8           246.1           182.6            248.6             60.5            177.4           225.2              90.2              16.0     286.2    1053.7           286.2           286.2           286.2           286.2        669.0              332.8                     0.0              377.6               224.1              242.8               162.7          193.7          129.1          286.2          205.0
6                  511.7          334.5            568.8            393.4           248.7           254.0           161.0           194.5           374.4           316.6           207.9           277.3           162.3            238.1            154.0            161.0           401.5             196.1              17.0     511.7    1276.9           511.7           511.7           511.7           511.7        679.5              608.2                     0.0              679.9               340.5              460.7               186.6          176.5          114.6          511.7          334.5
7                  706.8          472.9            823.5            562.6           307.6           382.9           186.9           380.4           596.5           488.5           384.2           410.9           181.6            401.5            285.9            428.5           569.0             320.0              97.3     706.8    1421.6           706.8           706.8           706.8           706.8        605.0              778.7                     0.0              882.1               548.1              586.8               376.9          354.5          141.6          706.8          472.9
8                  925.1          461.5           1095.6            605.3           219.8           357.8           129.4           409.6           521.3           456.4           331.5           311.7           132.2            455.9            376.2            691.3           736.2             610.4             172.1     925.1    1288.1           925.1           925.1           925.1           925.1        575.6              979.7                     0.0             1137.3               711.9              560.8               369.5          602.1          152.1          925.1          461.5
9                 1065.0          213.9           1341.8            394.9            26.3           122.3             2.4           138.2           144.3           170.6            98.9            72.3             5.0            219.6            531.7            819.0           936.4             914.9             227.4    1065.0    1340.1          1065.0          1065.0          1065.0          1065.0        554.6             1109.9                     0.0             1342.9               826.8              265.3               158.8          666.1           58.6         1065.0          213.9
10                1192.3           91.7           1684.1            224.4           109.2           101.0            46.8            50.2           128.4           106.9            77.1           107.3            57.3            112.7            784.4            785.3           978.6            1051.9             201.2    1192.3     693.6          1192.3          1192.3          1192.3          1192.3        577.7             1270.7                     0.0             1489.3               799.5              130.6                79.7          542.1           24.1         1192.3           91.7
11                 693.2          265.9           1559.8            395.9           244.0           248.9           132.8           178.5           371.2           297.8           206.9           278.1           136.8            246.4            450.5            419.2           565.6             575.7              58.5     693.2     369.0           693.2           693.2           693.2           693.2        575.4              777.8                     0.0             1338.8               487.2              329.1               221.9          299.4          108.2          693.2          265.9
12                 402.9          356.1           1630.0            507.8           179.8           271.5            80.0           294.5           386.0           347.2           249.9           263.6            87.5            323.1            155.3            130.1           157.9             176.6              80.6     242.0     199.6           242.0           242.0           242.0           242.0        559.3              689.9                     0.0              847.8               185.3              442.9               277.0          132.3           93.3          402.9          356.1
13                 498.9          347.2           1528.0            505.6           217.4           265.9           114.1           272.7           396.6           348.1           245.0           286.2           119.5            383.8            374.5            359.4           368.7             416.5             176.3      26.9      66.3            97.7            26.9            26.9            26.9        531.4              593.2                     0.0              627.1               407.1              432.4               262.9          294.4          141.4          498.9          347.2
14                 997.5          432.2           2027.3            632.2           307.3           372.6           169.0           364.6           515.7           468.4           314.8           378.3           166.8            502.4            736.5            666.2           713.9             863.6             242.8       5.2      25.1           400.2            75.0             5.2             5.2        515.0             1054.2                     0.0             1278.1               692.5              548.9               341.6          493.5          251.8          997.5          432.2
15                1406.6          621.8           2905.9            956.3           478.0           591.1           286.6           606.3           794.1           699.2           535.8           576.2           270.5            829.9           1000.1            846.7          1041.7            1170.3             350.2       0.9       5.4           829.9           359.5             0.9             0.9        581.9             1559.4                     0.0             1735.8               854.9              850.7               475.2          625.0          387.7         1406.6          621.8
16                1917.6          842.6           4248.0           1435.1           688.8           789.6           322.3           829.1           994.5           937.2           759.5           759.5           301.7           1078.4           1284.5           1079.8          1604.9            1539.6             545.9       0.5       1.3          1260.1           748.5            76.8             0.5        597.3             1917.9                     0.0             2149.0              1079.5             1206.3               607.2          711.8          486.4         1917.6          842.6
17                2088.1          853.7           5940.7           1656.9           651.2           818.6           397.1           769.7          1019.6           952.7           944.5           671.4           387.4           1082.9           1307.7           1181.3          2219.0            2096.2             582.9       0.4       0.8          1609.9          1125.0           309.5             0.4        581.6             2059.4                     0.0             2089.6              1421.8             1142.1               539.4          733.2          367.3         2088.1          853.7
18                1741.3          596.8           7709.1           1632.5           569.6           654.4           330.3           615.2           725.0           639.0           637.1           635.0           307.1           1037.8            976.5           1317.2          1797.6            1732.4             388.4       0.4       0.6          2212.0          1552.6           598.6             0.4        561.9             1736.2                     0.0             1904.8              1245.4             1243.7               421.4          465.6          240.2         1741.3          596.8
19                1005.6          597.2           8549.7           1920.5           545.5           667.8           349.0           671.8           768.6           657.5           539.3           573.4           326.6            930.0            667.1            695.5           807.6             941.8             134.6       0.3       0.6          1847.2          1909.2          1050.7             0.3        544.5             1154.9                     0.0             1112.6               721.4             1023.4               440.2          211.6          271.4         1005.6          597.2
20                 273.7          781.4           8376.1           2237.2           657.5           798.9           426.5           773.2           925.9           788.9           632.9           647.8           385.0            864.7            195.3            191.1           152.0             223.7              70.2       0.2       0.5          1054.1          1932.3          1404.4            63.4        537.3              348.9                     0.0              402.0               236.3             1150.3               507.7          176.0          354.9          273.7          781.4
21                 274.9         1026.9           7167.4           2934.3           737.9           954.6           495.5           924.7          1060.0           942.0           818.4           711.4           450.9            953.0            150.4            125.1           156.2             222.9              47.7       0.2       0.4           307.0          1171.2          1541.0           243.3        532.6              354.0                     0.0              367.3               194.5             1393.8               594.6          155.1          415.9          274.9         1026.9
22                 170.0          779.9           6283.5           3449.0           271.1           675.5           221.6           680.1           559.6           553.2           484.0           298.6           170.2            564.9             60.6             60.9           154.0             118.0               8.2       0.1       0.3           291.5           361.7          1903.0           416.7        525.3              263.3                     0.0              279.8               103.0             1081.5               333.3           52.3          152.0          170.0          779.9
23                  87.5          243.4           5319.8           3487.8           136.5           172.7             6.3           159.3           128.7           176.7           159.5           181.2            13.5            280.4              7.5             17.7            83.4              31.4               4.3       0.1       0.2           180.8           307.7          1335.0           776.0        518.0              113.6                     0.0              110.3                48.7              406.0                41.5           13.1           27.7           87.5          243.4
24                  33.2           16.8           2939.6           2006.7            14.9            26.5             1.2            37.9            31.6            94.4            27.5            10.5             1.9             82.9              4.9              5.4            34.2               8.9               1.8       0.0       0.2            88.9           189.1           468.0          1178.8        513.1               26.9                     0.0               30.5                18.4               30.7                 8.9            4.5            9.2           33.2           16.8
25                   6.6            3.5            727.0            306.7             4.4             3.6             0.3             4.2             2.5             9.7             1.8             0.8             1.2              5.4              1.8              1.1             6.6               1.7               1.5       0.0       0.1            27.4            82.2           344.9          1510.2        260.7                7.9                     0.0               12.6                 3.4                7.0                 1.9            1.3            2.0            6.6            3.5
26                   1.6            0.7             39.0             18.1             3.7             0.5             0.1             0.7             0.9             4.9             0.6             0.6             0.7              2.1              1.3              0.8             1.3               1.1               1.2       0.0       0.1             6.2            26.1           202.1          1472.2         33.6                1.8                     0.0                2.7                 1.2                1.1                 0.6            0.2            0.4            1.6            0.7
27                   0.9            0.5             13.8              6.1             2.6             0.2             0.0             0.0             0.2             2.5             0.4             0.3             0.1              0.9              1.1              0.7             0.8               1.0               0.9       0.0       0.0             1.5             6.0            71.1          1466.8          7.0                0.9                     0.0                2.0                 0.8                0.6                 0.5            0.0            0.0            0.9            0.5
28                   0.7            0.4              7.6              7.1             1.3             0.1             0.0             0.0             0.1             0.5             0.2             0.2             0.0              0.0              0.9              0.5             0.6               0.8               0.7       0.0       0.0             0.9             1.5            26.2           651.9          1.5                0.7                     0.0                1.5                 0.6                0.5                 0.4            0.0            0.0            0.7            0.4
29                   0.6            0.4              7.2              5.0             0.5             0.1             0.0             0.0             0.1             0.1             0.1             0.1             0.0              0.0              0.8              0.5             0.6               0.7               0.6       0.0       0.0             0.7             0.8             5.9           424.0          0.7                0.7                     0.0                0.7                 0.5                0.4                 0.3            0.0            0.0            0.6            0.4
30                   0.6            0.3              6.8              3.9             0.6             0.0             0.0             0.0             0.0             0.0             0.0             0.1             0.0              0.0              0.7              0.4             0.5               0.6               0.5       0.0       0.0             0.6             0.7             1.4           249.4          0.6                0.6                     0.0                0.7                 0.5                0.4                 0.2            0.0            0.0            0.6            0.3
31                   0.5            0.2              6.4              3.8             0.5             0.0             0.0             0.0             0.0             0.0             0.0             0.0             0.0              0.0              0.6              0.3             0.4               0.5               0.4       NaN       0.0             0.5             0.6             0.8            75.5          0.5                0.5                     0.0                0.6                 0.4                0.3                 0.2            0.0            0.0            0.5            0.2
32                   0.4            0.2              6.1              4.0             0.3             0.0             0.0             0.0             0.0             0.0             0.0             0.0             0.0              0.0              0.5              0.2             0.3               0.4               0.3       NaN       0.0             0.5             0.5             0.7            27.0          0.4                0.4                     0.0                0.5                 0.3                0.3                 0.1            0.0            0.0            0.4            0.2
33                   0.3            0.1              5.9              4.0             0.2             0.0             0.0             0.0             0.0             0.0             0.0             0.0             0.0              0.0              0.4              0.2             0.2               0.3               0.2       NaN       0.0             0.4             0.4             0.6             5.8          0.3                0.4                     0.0                0.4                 0.2                0.3                 0.1            0.0            0.0            0.3            0.1
34                   0.3            0.1              5.8              3.7             0.0             0.0             0.0             0.0             0.0             0.0             0.0             0.0             0.0              0.0              0.3              0.1             0.2               0.2               0.1       NaN       NaN             0.3             0.4             0.5             1.4          0.3                0.3                     0.0                0.4                 0.1                0.3                 0.0            0.0            0.0            0.3            0.1
35                   0.2            0.0              6.2              3.3             0.0             0.0             0.0             0.0             0.0             0.0             0.0             0.0             0.0              0.0              0.2              0.1             0.1               0.2               0.1       NaN       NaN             0.2             0.3             0.4             0.8          0.2                0.3                     0.0                0.5                 0.1                0.2                 0.0            0.0            0.0            0.2            0.0
36                   0.2            0.0              6.3              2.8             0.0             0.0             0.0             0.0             0.0             0.0             0.0             0.0             0.0              0.0              0.2              0.0             0.1               0.1               0.0       NaN       NaN             0.2             0.2             0.3             0.6          0.1                0.3                     0.0                0.5                 0.0                0.1                 0.0            0.0            0.0            0.2            0.0
37                   0.1            0.0              6.1              2.3             0.0             0.0             0.0             0.0             0.0             0.0             0.0             0.0             0.0              0.0              0.1              0.0             0.0               0.1               0.0       NaN       NaN             0.1             0.2             0.2             0.5          0.1                0.2                     0.0                0.3                 0.0                0.0                 0.0            0.0            0.0            0.1            0.0
38                   0.1            0.0              5.6              1.7             0.0             0.0             0.0             0.0             0.0             0.0             0.0             0.0             0.0              0.0              0.1              0.0             0.0               0.0               0.0       NaN       NaN             0.1             0.1             0.2             0.4          0.1                0.1                     0.0                0.2                 0.0                0.0                 0.0            0.0            0.0            0.1            0.0
39                   0.0            0.0              5.1              1.0             0.0             0.0             0.0             0.0             0.0             0.0             0.0             0.0             0.0              0.0              0.0              0.0             0.0               0.0               0.0       NaN       NaN             0.0             0.1             0.1             0.4          0.0                0.0                     0.0                0.1                 0.0                0.0                 0.0            0.0            0.0            0.0            0.0
40                   0.0            0.0              4.5              0.4             0.0             0.0             0.0             0.0             0.0             0.0             0.0             0.0             0.0              0.0              0.0              0.0             0.0               0.0               0.0       NaN       NaN             0.0             0.0             0.1             0.3          0.0                0.0                     0.0                0.0                 0.0                0.0                 0.0            0.0            0.0            0.0            0.0
41                   0.0            0.0              3.9              0.1             0.0             0.0             0.0             0.0             0.0             0.0             0.0             0.0             0.0              0.0              0.0              0.0             0.0               0.0               0.0       NaN       NaN             0.0             0.0             0.0             0.2          0.0                0.0                     0.0                0.0                 0.0                0.0                 0.0            0.0            0.0            0.0            0.0
42                   0.0            0.0              3.4              0.1             0.0             0.0             0.0             0.0             0.0             0.0             0.0             0.0             0.0              0.0              0.0              0.0             0.0               0.0               0.0       NaN       NaN             0.0             0.0             0.0             0.1          0.0                0.0                     0.0                0.0                 0.0                0.0                 0.0            0.0            0.0            0.0            0.0
43                   0.0            NaN              2.8              NaN             NaN             NaN             NaN             NaN             NaN             NaN             NaN             NaN             NaN              NaN              0.0              0.0             0.0               0.0               0.0       NaN       NaN             0.0             0.0             0.0             0.1          0.0                0.0                     0.0                0.0                 0.0                NaN                 NaN            0.0            NaN            0.0            NaN
44                   NaN            NaN              NaN              NaN             NaN             NaN             NaN             NaN             NaN             NaN             NaN             NaN             NaN              NaN              NaN              NaN             NaN               NaN               NaN       NaN       NaN             0.0             0.0             0.0             0.0          NaN                NaN                     NaN                NaN                 NaN                NaN                 NaN            NaN            NaN            NaN            NaN
45                   NaN            NaN              NaN              NaN             NaN             NaN             NaN             NaN             NaN             NaN             NaN             NaN             NaN              NaN              NaN              NaN             NaN               NaN               NaN       NaN       NaN             NaN             0.0             0.0             0.0          NaN                NaN                     NaN                NaN                 NaN                NaN                 NaN            NaN            NaN            NaN            NaN
46                   NaN            NaN              NaN              NaN             NaN             NaN             NaN             NaN             NaN             NaN             NaN             NaN             NaN              NaN              NaN              NaN             NaN               NaN               NaN       NaN       NaN             NaN             NaN             0.0             0.0          NaN                NaN                     NaN                NaN                 NaN                NaN                 NaN            NaN            NaN            NaN            NaN
47                   NaN            NaN              NaN              NaN             NaN             NaN             NaN             NaN             NaN             NaN             NaN             NaN             NaN              NaN              NaN              NaN             NaN               NaN               NaN       NaN       NaN             NaN             NaN             0.0             0.0          NaN                NaN                     NaN                NaN                 NaN                NaN                 NaN            NaN            NaN            NaN            NaN
48                   NaN            NaN              NaN              NaN             NaN             NaN             NaN             NaN             NaN             NaN             NaN             NaN             NaN              NaN              NaN              NaN             NaN               NaN               NaN       NaN       NaN             NaN             NaN             NaN             0.0          NaN                NaN                     NaN                NaN                 NaN                NaN                 NaN            NaN            NaN            NaN            NaN
49                   NaN            NaN              NaN              NaN             NaN             NaN             NaN             NaN             NaN             NaN             NaN             NaN             NaN              NaN              NaN              NaN             NaN               NaN               NaN       NaN       NaN             NaN             NaN             NaN             0.0          NaN                NaN                     NaN                NaN                 NaN                NaN                 NaN            NaN            NaN            NaN            NaN
50                   NaN            NaN              NaN              NaN             NaN             NaN             NaN             NaN             NaN             NaN             NaN             NaN             NaN              NaN              NaN              NaN             NaN               NaN               NaN       NaN       NaN             NaN             NaN             NaN             0.0          NaN                NaN                     NaN                NaN                 NaN                NaN                 NaN            NaN            NaN            NaN            NaN
51                   NaN            NaN              NaN              NaN             NaN             NaN             NaN             NaN             NaN             NaN             NaN             NaN             NaN              NaN              NaN              NaN             NaN               NaN               NaN       NaN       NaN             NaN             NaN             NaN             0.0          NaN                NaN                     NaN                NaN                 NaN                NaN                 NaN            NaN            NaN            NaN            NaN

written /projects/disruptsc/runs/rhine2026/compare_runs_batch_jobs_20260930_main.csv
