== cumulated value-added loss (mUSD), % of a quarter, peak week (% of a week's VA), loss weeks (> 0.01 % of a week) ==
   gross = weekly shortfalls clipped at zero; net = backlog left at the end for goods and construction (A-F) + gross for the perishable sectors; delay = carrying cost of the backlog while outstanding
run                          wave_A    wave_B  wave_AB_gap1  wave_AB_gap2  wave_AB_gap4  wave_AB_gap8  wave_flat
weeks                        30.000    29.000        40.000        41.000        43.000        47.000     39.000
EU_cum_mUSD                7449.000  5575.000     14701.000     13632.000     12749.000     12129.000  10854.000
EU_%quarter                   0.181     0.136         0.358         0.332         0.310         0.295      0.264
EU_peak_%week                 0.436     0.397         0.491         0.441         0.436         0.436      0.228
firms<99%_peak_%              3.430     3.420         3.700         3.540         3.440         3.430      3.020
cons_loss_cum_mUSD         7096.000  5184.000     16273.000     14595.000     13047.000     11841.000  12421.000
cons_loss_peak_%              0.389     0.278         0.587         0.509         0.389         0.389      0.261
DEU_net_mUSD               5955.000  4485.000     11945.000     10943.000     10205.000      9630.000   8921.000
DEU_delay_mUSD               74.900    52.000       244.400       215.700       193.700       189.300    163.100
DEU_net_deferrable_mUSD    1276.000   811.000      3402.000      2901.000      2469.000      2212.000   2304.000
DEU_gross_perishable_mUSD  4679.000  3674.000      8543.000      8042.000      7736.000      7418.000   6617.000
EU_net_mUSD                7008.000  5363.000     13757.000     12795.000     12082.000     11500.000  10460.000
EU_delay_mUSD               106.700    80.400       321.000       294.200       274.900       273.900    229.800
EU_net_deferrable_mUSD     1804.000  1257.000      4430.000      3938.000      3507.000      3219.000   3213.000
EU_gross_perishable_mUSD   5203.000  4106.000      9327.000      8857.000      8575.000      8281.000   7246.000
DEU_cum_mUSD               6299.000  4632.000     12775.000     11660.000     10746.000     10116.000   9232.000
DEU_%quarter                  0.659     0.485         1.337         1.221         1.125         1.059      0.966
DEU_peak_%week                1.623     1.457         1.913         1.638         1.623         1.623      0.833
DEU_peak_week                10.000     5.000        17.000        17.000        10.000        10.000      6.000
DEU_loss_weeks               12.000     9.000        20.000        21.000        21.000        21.000     21.000

== other countries ==
run                         wave_A   wave_B  wave_AB_gap1  wave_AB_gap2  wave_AB_gap4  wave_AB_gap8  wave_flat
NLD_net_mUSD                73.000   80.000       122.000       126.000       134.000       148.000    127.000
NLD_delay_mUSD               3.900    4.200         8.500         8.800         9.400        10.500      9.100
NLD_net_deferrable_mUSD     56.000   64.000       102.000       106.000       112.000       121.000    112.000
NLD_gross_perishable_mUSD   17.000   16.000        20.000        20.000        21.000        26.000     15.000
AUT_net_mUSD               106.000   93.000       161.000       171.000       183.000       190.000    143.000
AUT_delay_mUSD               0.500    0.600         1.500         1.300         1.300         1.500      1.200
AUT_net_deferrable_mUSD      9.000    9.000        21.000        18.000        18.000        18.000     17.000
AUT_gross_perishable_mUSD   97.000   84.000       140.000       153.000       166.000       172.000    126.000
FRA_net_mUSD               597.000  456.000      1063.000      1076.000      1068.000      1030.000    849.000
FRA_delay_mUSD              19.100   15.200        48.000        49.000        49.900        50.200     37.800
FRA_net_deferrable_mUSD    324.000  234.000       647.000       649.000       638.000       591.000    520.000
FRA_gross_perishable_mUSD  274.000  222.000       416.000       427.000       430.000       439.000    329.000
CHE_net_mUSD                 8.000    6.000        14.000        14.000        14.000        14.000     13.000
CHE_delay_mUSD               0.200    0.200         0.400         0.400         0.500         0.500      0.400
CHE_net_deferrable_mUSD      3.000    3.000         6.000         6.000         6.000         6.000      6.000
CHE_gross_perishable_mUSD    5.000    4.000         8.000         8.000         8.000         8.000      7.000
BEL_net_mUSD                18.000   15.000        28.000        28.000        29.000        31.000     23.000
BEL_delay_mUSD               0.500    0.600         1.100         1.200         1.200         1.400      1.200
BEL_net_deferrable_mUSD      7.000    8.000        12.000        13.000        14.000        15.000     14.000
BEL_gross_perishable_mUSD   11.000    8.000        16.000        15.000        15.000        16.000      9.000
NLD_cum_mUSD               107.000   96.000       157.000       165.000       176.000       192.000    152.000
NLD_%quarter                 0.046    0.041         0.067         0.070         0.075         0.082      0.065
NLD_peak_%week               0.085    0.122         0.085         0.085         0.088         0.107      0.085
NLD_peak_week                8.000    4.000         8.000         8.000        18.000        22.000      4.000
NLD_loss_weeks              10.000    7.000        16.000        16.000        17.000        18.000     20.000
AUT_cum_mUSD               107.000   94.000       163.000       172.000       184.000       191.000    144.000
AUT_%quarter                 0.098    0.086         0.148         0.157         0.168         0.174      0.131
AUT_peak_%week               0.197    0.243         0.197         0.206         0.234         0.217      0.162
AUT_peak_week                8.000    4.000         8.000        16.000        18.000        23.000      3.000
AUT_loss_weeks              10.000    7.000        18.000        16.000        17.000        17.000     21.000
FRA_cum_mUSD               638.000  489.000      1118.000      1133.000      1125.000      1097.000    888.000
FRA_%quarter                 0.098    0.075         0.172         0.174         0.173         0.169      0.137
FRA_peak_%week               0.247    0.205         0.252         0.254         0.247         0.247      0.120
FRA_peak_week               10.000    4.000        16.000        17.000        10.000        10.000      3.000
FRA_loss_weeks              12.000    8.000        20.000        20.000        21.000        20.000     20.000
CHE_cum_mUSD                 8.000    7.000        14.000        15.000        15.000        15.000     13.000
CHE_%quarter                 0.004    0.003         0.007         0.007         0.007         0.007      0.006
CHE_peak_%week               0.008    0.011         0.009         0.009         0.009         0.010      0.007
CHE_peak_week               11.000    5.000        17.000        18.000        18.000        23.000      4.000
CHE_loss_weeks               0.000    1.000         0.000         0.000         0.000         0.000      0.000
BEL_cum_mUSD                25.000   20.000        35.000        36.000        37.000        40.000     28.000
BEL_%quarter                 0.018    0.014         0.026         0.026         0.027         0.029      0.021
BEL_peak_%week               0.031    0.048         0.031         0.031         0.031         0.036      0.034
BEL_peak_week                6.000    4.000         6.000         6.000         6.000        22.000      4.000
BEL_loss_weeks              10.000    6.000        15.000        15.000        16.000        16.000      8.000

== weekly value-added loss of DEU (mUSD/week) ==
           wave_A  wave_B  wave_AB_gap1  wave_AB_gap2  wave_AB_gap4  wave_AB_gap8  wave_flat
time_step                                                                                   
0             0.0     0.0           0.0           0.0           0.0           0.0        0.0
1             0.0     0.0           0.0           0.0           0.0           0.0        0.0
2           100.2   231.4         100.2         100.2         100.2         100.2      212.9
3            74.5   419.3          74.5          74.5          74.5          74.5      284.1
4           145.9   772.6         145.9         145.9         145.9         145.9      396.6
5           286.2  1070.8         286.2         286.2         286.2         286.2      599.5
6           511.7   923.4         511.7         511.7         511.7         511.7      612.1
7           706.8   649.9         706.8         706.8         706.8         706.8      544.7
8           925.1   391.8         925.1         925.1         925.1         925.1      518.3
9          1065.0   134.9        1065.0        1065.0        1065.0        1065.0      486.5
10         1192.3    27.9        1192.3        1192.3        1192.3        1192.3      476.3
11          799.5     5.5         799.5         799.5         799.5         799.5      496.1
12          430.2     1.3         430.2         430.2         430.2         430.2      484.2
13           52.9     0.7         123.7          52.9          52.9          52.9      468.6
14            5.2     0.6         389.9          75.0           5.2           5.2      516.1
15            0.9     0.5         942.7         350.1           0.9           0.9      494.0
16            0.6     0.4        1347.9         852.2          76.9           0.6      470.7
17            0.4     0.3        1405.8        1203.6         302.5           0.4      455.8
18            0.4     0.2        1196.0        1038.8         677.3           0.4      445.5
19            0.3     0.1         981.0        1109.0        1082.9           0.3      476.3
20            0.2     0.1         103.8         465.3         983.9          63.4      478.5
21            0.2     0.0          34.7         229.2         624.3         238.0      243.3
22            0.1     0.0           6.4          34.7         517.9         480.8       61.9
23            0.1     0.0           2.1           6.3         138.2         801.2        6.5
24            0.0     0.0           0.8           2.0          34.2         851.0        1.2
25            0.0     0.0           0.6           0.8           6.4         702.8        0.7
26            0.0     0.0           0.6           0.6           1.8         434.3        0.5
27            0.0     0.0           0.5           0.6           0.8         196.7        0.4
28            0.0     0.0           0.4           0.5           0.6          40.2        0.4
29            0.0     0.0           0.3           0.4           0.5           5.9        0.3
30            0.0     NaN           0.2           0.3           0.4           1.4        0.2
31            NaN     NaN           0.2           0.2           0.3           0.7        0.1
32            NaN     NaN           0.1           0.1           0.2           0.5        0.1
33            NaN     NaN           0.1           0.1           0.2           0.4        0.0
34            NaN     NaN           0.0           0.0           0.1           0.4        0.0
35            NaN     NaN           0.0           0.0           0.1           0.3        0.0
36            NaN     NaN           0.0           0.0           0.0           0.2        0.0
37            NaN     NaN           0.0           0.0           0.0           0.1        0.0
38            NaN     NaN           0.0           0.0           0.0           0.1        0.0
39            NaN     NaN           0.0           0.0           0.0           0.0        0.0
40            NaN     NaN           0.0           0.0           0.0           0.0        NaN
41            NaN     NaN           NaN           0.0           0.0           0.0        NaN
42            NaN     NaN           NaN           NaN           0.0           0.0        NaN
43            NaN     NaN           NaN           NaN           0.0           0.0        NaN
44            NaN     NaN           NaN           NaN           NaN           0.0        NaN
45            NaN     NaN           NaN           NaN           NaN           0.0        NaN
46            NaN     NaN           NaN           NaN           NaN           0.0        NaN
47            NaN     NaN           NaN           NaN           NaN           0.0        NaN

written /projects/disruptsc/runs/rhine2026/compare_runs_batch.csv
