== cumulated value-added loss (mUSD), % of a quarter, peak week (% of a week's VA), loss weeks (> 0.01 % of a week) ==
   gross = weekly shortfalls clipped at zero; net = backlog left at the end for goods and construction (A-F) + gross for the perishable sectors; delay = carrying cost of the backlog while outstanding
run                        2026_rev_rail50  2026_rev_rail140  2018_rev_rail50  2018_rev_rail140  2026_rev_head10  2026_rev_head25  2026_rev_rest15  2026_rev_rest60  2026_rev_floor04  2026_rev_floor16  2026_rev_deeplocal  2026_rev_fleetwide  2026_rev_dfuel0  2026_rev_serv45  2026_rev_q25  2026_rev_q75
weeks                               43.000            43.000           42.000            42.000           43.000           43.000           43.000           43.000            43.000            43.000              43.000              43.000           43.000           43.000        43.000        43.000
EU_cum_mUSD                      13644.000          8590.000         7897.000          4637.000        15615.000        13410.000        12172.000        22280.000         17416.000         16004.000           10465.000           13768.000        14908.000        22233.000     18927.000     15020.000
EU_%quarter                          0.332             0.209            0.192             0.113            0.380            0.326            0.296            0.542             0.424             0.389               0.255               0.335            0.363            0.541         0.460         0.365
EU_peak_%week                        0.545             0.349            0.234             0.173            0.676            0.578            0.441            0.763             0.734             0.545               0.324               0.612            0.621            1.144         0.679         0.618
firms<99%_peak_%                     3.830             3.380            3.070             2.800            3.970            3.900            3.320            4.470             3.930             3.730               3.430               4.010            3.860            5.030         3.900         3.900
cons_loss_cum_mUSD               15800.000          9424.000         8086.000          4596.000        18311.000        15093.000        15690.000        25479.000         20850.000         19460.000           11553.000           15740.000        17543.000        26009.000     23522.000     17492.000
cons_loss_peak_%                     0.633             0.342            0.233             0.164            0.780            0.701            0.583            0.879             0.858             0.663               0.352               0.730            0.736            1.367         0.806         0.755
DEU_net_mUSD                     10828.000          6950.000         6374.000          3614.000        12398.000        10573.000         9683.000        17546.000         13821.000         12902.000            8366.000           10830.000        11575.000        18184.000     15336.000     11863.000
DEU_delay_mUSD                     249.500           121.100           92.800            40.600          308.000          241.900          203.700          518.300           361.400           329.000             164.600             253.400          349.300          430.300       407.200       299.000
DEU_net_deferrable_mUSD           3214.000          1591.000         1323.000           612.000         3955.000         3132.000         2596.000         6466.000          4634.000          4211.000            2116.000            3290.000         4510.000         5606.000      5335.000      3735.000
DEU_gross_perishable_mUSD         7613.000          5359.000         5050.000          3002.000         8443.000         7441.000         7087.000        11079.000          9187.000          8691.000            6250.000            7539.000         7065.000        12578.000     10000.000      8128.000
EU_net_mUSD                      12590.000          8293.000         7589.000          4463.000        14288.000        12265.000        11267.000        20223.000         15898.000         14875.000            9877.000           12629.000        13630.000        20272.000     17495.000     13741.000
EU_delay_mUSD                      331.300           181.600          143.600            74.800          396.800          318.600          283.300          637.600           459.500           423.000             233.300             335.300          446.500          525.200       509.500       388.400
EU_net_deferrable_mUSD            4251.000          2361.000         1990.000          1066.000         5070.000         4098.000         3619.000         7984.000          5887.000          5407.000            2997.000            4344.000         5747.000         6804.000      6663.000      4849.000
EU_gross_perishable_mUSD          8339.000          5932.000         5599.000          3397.000         9218.000         8167.000         7648.000        12239.000         10011.000          9467.000            6880.000            8285.000         7883.000        13469.000     10832.000      8892.000
DEU_cum_mUSD                     11776.000          7168.000         6578.000          3706.000        13594.000        11589.000        10534.000        19441.000         15219.000         13933.000            8884.000           11866.000        12746.000        20016.000     16646.000     13038.000
DEU_%quarter                         1.233             0.750            0.689             0.388            1.423            1.213            1.103            2.035             1.593             1.459               0.930               1.242            1.334            2.095         1.743         1.365
DEU_peak_%week                       2.093             1.309            0.868             0.614            2.636            2.200            1.810            2.942             2.869             2.131               1.200               2.317            2.404            4.728         2.652         2.426
DEU_peak_week                       17.000            17.000           16.000            16.000           17.000           18.000           18.000           17.000            17.000            17.000              17.000              17.000           17.000           18.000        17.000        17.000
DEU_loss_weeks                      23.000            22.000           23.000            21.000           23.000           21.000           24.000           24.000            23.000            23.000              22.000              23.000           23.000           23.000        25.000        22.000

== other countries ==
run                        2026_rev_rail50  2026_rev_rail140  2018_rev_rail50  2018_rev_rail140  2026_rev_head10  2026_rev_head25  2026_rev_rest15  2026_rev_rest60  2026_rev_floor04  2026_rev_floor16  2026_rev_deeplocal  2026_rev_fleetwide  2026_rev_dfuel0  2026_rev_serv45  2026_rev_q25  2026_rev_q75
NLD_net_mUSD                       133.000           146.000          114.000           125.000          112.000          105.000          125.000          139.000           128.000           131.000             127.000             126.000          137.000          122.000       129.000       124.000
NLD_delay_mUSD                      10.200            10.600            8.500             8.300            9.100            8.300            9.700           10.400             9.800            10.000               9.300               9.400           10.300            9.500        10.000         9.500
NLD_net_deferrable_mUSD            114.000           126.000           99.000           104.000           94.000           86.000          113.000          113.000           109.000           113.000             111.000             108.000          117.000          103.000       110.000       106.000
NLD_gross_perishable_mUSD           19.000            19.000           15.000            21.000           19.000           18.000           12.000           26.000            19.000            18.000              16.000              18.000           19.000           19.000        19.000        19.000
AUT_net_mUSD                       150.000           128.000          129.000            92.000          159.000          148.000          130.000          239.000           171.000           160.000             135.000             154.000          167.000          171.000       178.000       155.000
AUT_delay_mUSD                       1.900             1.300            0.900             0.600            2.400            1.700            2.100            3.400             2.900             2.500               1.200               1.800            2.800            3.000         3.400         2.400
AUT_net_deferrable_mUSD             26.000            17.000           12.000             8.000           32.000           23.000           29.000           47.000            41.000            35.000              16.000              25.000           38.000           41.000        48.000        32.000
AUT_gross_perishable_mUSD          124.000           110.000          117.000            84.000          126.000          125.000          102.000          192.000           130.000           125.000             119.000             129.000          128.000          130.000       130.000       123.000
FRA_net_mUSD                      1018.000           682.000          624.000           361.000         1143.000         1008.000          871.000         1696.000          1253.000          1179.000             834.000            1048.000         1232.000         1229.000      1316.000      1120.000
FRA_delay_mUSD                      48.800            30.700           25.800            12.900           55.900           47.600           44.100           82.400            62.100            58.700              39.200              49.900           60.900           60.100        65.200        55.800
FRA_net_deferrable_mUSD            629.000           395.000          350.000           178.000          717.000          616.000          569.000         1061.000           799.000           751.000             504.000             649.000          781.000          768.000       854.000       699.000
FRA_gross_perishable_mUSD          389.000           287.000          274.000           184.000          426.000          392.000          302.000          635.000           455.000           428.000             331.000             399.000          451.000          461.000       462.000       421.000
CHE_net_mUSD                        14.000            10.000           10.000             6.000           15.000           13.000           12.000           21.000            16.000            15.000              12.000              14.000           16.000           16.000        17.000        14.000
CHE_delay_mUSD                       0.500             0.300            0.300             0.200            0.500            0.400            0.500            0.600             0.500             0.500               0.400               0.500            0.500            0.500         0.600         0.500
CHE_net_deferrable_mUSD              6.000             5.000            4.000             3.000            7.000            6.000            6.000            8.000             7.000             7.000               5.000               6.000            7.000            7.000         8.000         6.000
CHE_gross_perishable_mUSD            8.000             6.000            5.000             3.000            8.000            7.000            6.000           13.000             9.000             8.000               6.000               8.000            9.000            9.000         9.000         8.000
BEL_net_mUSD                        28.000            26.000           21.000            22.000           27.000           25.000           21.000           40.000            30.000            29.000              24.000              28.000           32.000           30.000        30.000        29.000
BEL_delay_mUSD                       1.300             1.400            1.100             1.100            1.200            1.100            1.200            1.400             1.300             1.300               1.200               1.300            1.400            1.300         1.300         1.300
BEL_net_deferrable_mUSD             14.000            15.000           12.000            13.000           11.000           11.000           13.000           14.000            13.000            14.000              14.000              13.000           15.000           13.000        13.000        13.000
BEL_gross_perishable_mUSD           14.000            11.000            9.000             9.000           16.000           15.000            8.000           26.000            17.000            15.000              11.000              15.000           17.000           18.000        17.000        16.000
NLD_cum_mUSD                       162.000           166.000          150.000           150.000          154.000          147.000          145.000          175.000           161.000           157.000             144.000             155.000          163.000          156.000       163.000       152.000
NLD_%quarter                         0.069             0.071            0.064             0.064            0.066            0.063            0.062            0.075             0.069             0.067               0.061               0.066            0.070            0.067         0.070         0.065
NLD_peak_%week                       0.083             0.088            0.064             0.072            0.081            0.086            0.075            0.083             0.080             0.080               0.085               0.073            0.080            0.080         0.080         0.080
NLD_peak_week                        8.000             9.000            7.000            16.000            8.000            8.000            6.000            7.000             7.000             7.000               8.000               7.000            7.000            7.000         7.000         7.000
NLD_loss_weeks                      21.000            20.000           20.000            19.000           19.000           16.000           20.000           21.000            19.000            20.000              18.000              19.000           20.000           18.000        20.000        17.000
AUT_cum_mUSD                       152.000           129.000          130.000            93.000          161.000          150.000          132.000          242.000           173.000           162.000             136.000             156.000          168.000          173.000       180.000       157.000
AUT_%quarter                         0.138             0.117            0.119             0.085            0.147            0.137            0.120            0.221             0.157             0.148               0.124               0.142            0.154            0.158         0.164         0.143
AUT_peak_%week                       0.179             0.163            0.128             0.133            0.184            0.191            0.137            0.292             0.198             0.173               0.190               0.179            0.183            0.183         0.181         0.181
AUT_peak_week                        8.000             9.000           16.000            16.000            8.000            8.000            7.000           16.000            16.000             8.000               8.000              17.000           16.000           16.000        16.000        16.000
AUT_loss_weeks                      21.000            18.000           22.000            18.000           22.000           19.000           23.000           23.000            23.000            22.000              19.000              22.000           23.000           22.000        23.000        20.000
FRA_cum_mUSD                      1069.000           720.000          669.000           396.000         1202.000         1064.000          886.000         1783.000          1310.000          1228.000             872.000            1097.000         1287.000         1289.000      1373.000      1169.000
FRA_%quarter                         0.164             0.111            0.103             0.061            0.185            0.164            0.136            0.274             0.202             0.189               0.134               0.169            0.198            0.198         0.211         0.180
FRA_peak_%week                       0.254             0.172            0.114             0.091            0.280            0.288            0.147            0.337             0.297             0.234               0.186               0.316            0.278            0.276         0.276         0.276
FRA_peak_week                       16.000            17.000           21.000            16.000           16.000           17.000           16.000           17.000            16.000            16.000              17.000              17.000           16.000           16.000        16.000        16.000
FRA_loss_weeks                      22.000            18.000           22.000            17.000           22.000           20.000           23.000           23.000            23.000            23.000              21.000              22.000           23.000           23.000        23.000        21.000
CHE_cum_mUSD                        14.000            11.000           10.000             6.000           15.000           14.000           13.000           22.000            17.000            16.000              12.000              14.000           16.000           17.000        17.000        15.000
CHE_%quarter                         0.007             0.005            0.005             0.003            0.007            0.007            0.006            0.011             0.008             0.008               0.006               0.007            0.008            0.008         0.008         0.007
CHE_peak_%week                       0.009             0.006            0.005             0.004            0.010            0.011            0.006            0.013             0.010             0.008               0.007               0.012            0.009            0.009         0.009         0.009
CHE_peak_week                       17.000            18.000           16.000            16.000           17.000           17.000           16.000           19.000            17.000            16.000              17.000              17.000           17.000           17.000        17.000        17.000
CHE_loss_weeks                       0.000             0.000            0.000             0.000            0.000            1.000            0.000            3.000             1.000             0.000               0.000               1.000            0.000            0.000         0.000         0.000
BEL_cum_mUSD                        34.000            31.000           28.000            29.000           35.000           33.000           25.000           47.000            37.000            34.000              28.000              34.000           37.000           37.000        37.000        34.000
BEL_%quarter                         0.025             0.023            0.021             0.021            0.026            0.024            0.018            0.035             0.027             0.025               0.021               0.025            0.027            0.027         0.027         0.025
BEL_peak_%week                       0.032             0.033            0.025             0.025            0.032            0.035            0.028            0.037             0.031             0.031               0.032               0.039            0.031            0.032         0.031         0.031
BEL_peak_week                        7.000             9.000            7.000            16.000            7.000           17.000            6.000           16.000            17.000             6.000               8.000              17.000            6.000           17.000         6.000         6.000
BEL_loss_weeks                      13.000            14.000           12.000            16.000           14.000           13.000           10.000           17.000            15.000            14.000              12.000              12.000           17.000           16.000        15.000        14.000

== weekly value-added loss of DEU (mUSD/week) ==
           2026_rev_rail50  2026_rev_rail140  2018_rev_rail50  2018_rev_rail140  2026_rev_head10  2026_rev_head25  2026_rev_rest15  2026_rev_rest60  2026_rev_floor04  2026_rev_floor16  2026_rev_deeplocal  2026_rev_fleetwide  2026_rev_dfuel0  2026_rev_serv45  2026_rev_q25  2026_rev_q75
time_step                                                                                                                                                                                                                                                                                    
0                      0.0               0.0              0.0               0.0              0.0              0.0              0.0              0.0               0.0               0.0                 0.0                 0.0              0.0              0.0           0.0           0.0
1                      0.0               0.0              0.0               0.0              0.0              0.0              0.0              0.0               0.0               0.0                 0.0                 0.0              0.0              0.0           0.0           0.0
2                     72.6              23.0             35.3               8.9             77.7             35.3            100.2            100.2             100.2             100.2                46.9                67.3            100.2            100.2         100.2         100.2
3                     44.5              10.5             41.7               9.9             47.2              1.8             75.6             74.0              74.5              74.5                33.9                43.4             73.4             74.5          74.5          74.5
4                     96.6              45.8            105.1              57.5            109.3             61.1            131.4            152.8             145.9             145.9                46.8               101.1            111.8            145.9         145.9         145.9
5                    232.9             140.9            163.4              82.3            254.4            198.7            272.2            294.3             286.0             286.0               155.8               218.2            227.7            286.0         286.0         286.0
6                    271.4             135.3            154.4              78.8            368.9            190.1            464.4            535.0             511.5             511.5               145.8               270.5            460.0            511.5         511.5         511.5
7                    537.1             215.0            303.2             112.8            603.1            430.0            595.2            707.6             668.3             668.3               360.5               508.6            537.6            668.3         668.3         668.3
8                    703.6             404.8            348.5              67.4            781.0            684.1            695.9            883.3             815.3             815.3               655.1               642.9            632.5            826.1         815.3         815.3
9                    796.6             586.7            139.8               2.8            866.7            822.0            762.4            966.7             888.6             888.6               754.8               781.5            700.3            913.2         888.6         888.6
10                   782.8             614.2             59.8              10.0            854.4            798.2            718.4           1058.0             919.9             919.9               729.4               784.3            748.5            933.2         919.9         919.9
11                   480.0             322.3            166.0              73.7            556.7            432.4            382.4            800.0             623.6             623.6               401.4               419.7            525.2            617.8         623.6         623.6
12                   203.7             123.2            249.2              40.1            212.1            163.7            125.9            521.2             257.7             257.7               116.5               180.9            207.8            261.1         257.7         257.7
13                   437.6             308.0            262.6              70.6            479.4            395.1            280.7            836.7             519.3             519.3               326.5               369.8            423.7            526.6         519.3         519.3
14                   703.5             482.5            340.7             165.3            795.7            675.2            537.7           1251.0             829.8             829.8               600.3               597.1            705.6            841.6         829.8         829.8
15                   881.1             656.6            497.0             326.5            988.0            909.6            730.3           1667.0            1168.1            1075.7               759.3               862.2            943.0           1112.5        1137.3        1137.3
16                  1203.9             870.0            637.6             451.0           1522.4           1309.8           1119.4           1967.1            1788.9            1474.4               875.6              1376.7           1515.5           2136.5        1684.3        1684.3
17                  1537.6             961.6            586.7             425.7           1937.3           1614.6           1188.1           2161.7            2107.8            1565.8               882.1              1702.6           1766.7           3293.5        1948.4        1782.3
18                  1431.6             704.8            473.4             327.6           1606.0           1616.4           1330.1           1879.8            1764.6            1311.3               808.8              1679.4           1488.4           3474.0        1811.9        1222.2
19                   742.4             229.9            485.1             350.7            827.5            784.5            614.2           1353.8             870.2             843.0               685.3               736.6            802.5           2182.9        1334.7         322.4
20                   221.9             145.0            539.6             387.2            232.2            166.3            137.2            608.6             234.9             416.3               314.9               140.0            230.6            430.6         742.7         102.2
21                   226.0             124.4            603.8             427.9            259.6            183.8            127.1            572.8             294.7             316.9               123.2               189.0            266.3            399.2         444.2          89.2
22                   116.5              50.3            325.3             191.4            144.3             88.2             69.5            615.4             206.8             190.5                39.2               131.1            172.6            173.8         423.2          39.9
23                    38.1               9.5             47.9              34.1             54.1             20.6             31.2            347.0             102.5              62.5                13.2                45.2             73.4             75.7         325.9           9.7
24                    10.2               2.4             10.0               3.5             12.8              6.7             27.3             64.1              28.1              24.5                 3.6                11.5             22.1             22.1         111.2           3.0
25                     1.9               0.5              1.4               0.3              2.9              0.8             11.1             14.7               5.9               5.1                 1.1                 2.2              5.5              4.5          24.0           1.0
26                     0.5               0.3              0.3               0.2              0.3              0.1              2.8              3.6               1.4               1.5                 0.8                 0.8              1.3              1.0           9.8           0.8
27                     0.4               0.2              0.2               0.1              0.2              0.0              1.3              1.1               0.8               0.8                 0.6                 0.7              0.8              0.6           1.6           0.6
28                     0.3               0.2              0.1               0.1              0.1              0.0              0.9              0.5               0.7               0.7                 0.5                 0.6              0.6              0.6           0.8           0.5
29                     0.2               0.1              0.1               0.0              0.1              0.0              0.5              0.5               0.6               0.6                 0.4                 0.5              0.5              0.5           0.7           0.4
30                     0.2               0.1              0.1               0.0              0.0              0.0              0.3              0.4               0.5               0.5                 0.3                 0.4              0.4              0.4           0.6           0.4
31                     0.1               0.0              0.0               0.0              0.0              0.0              0.1              0.3               0.4               0.4                 0.3                 0.3              0.4              0.3           0.6           0.3
32                     0.1               0.0              0.0               0.0              0.0              0.0              0.1              0.3               0.4               0.4                 0.2                 0.3              0.3              0.3           0.5           0.2
33                     0.0               0.0              0.0               0.0              0.0              0.0              0.2              0.3               0.3               0.3                 0.1                 0.2              0.2              0.2           0.4           0.2
34                     0.0               0.0              0.0               0.0              0.0              0.0              0.1              0.3               0.2               0.2                 0.1                 0.1              0.1              0.2           0.3           0.1
35                     0.0               0.0              0.0               0.0              0.0              0.0              0.0              0.2               0.2               0.2                 0.0                 0.1              0.1              0.1           0.3           0.1
36                     0.0               0.0              0.0               0.0              0.0              0.0              0.0              0.2               0.1               0.1                 0.0                 0.0              0.0              0.1           0.3           0.0
37                     0.0               0.0              0.0               0.0              0.0              0.0              0.0              0.2               0.1               0.1                 0.0                 0.0              0.0              0.0           0.5           0.0
38                     0.0               0.0              0.0               0.0              0.0              0.0              0.0              0.1               0.0               0.0                 0.0                 0.0              0.0              0.0           0.3           0.0
39                     0.0               0.0              0.0               0.0              0.0              0.0              0.0              0.1               0.0               0.0                 0.0                 0.0              0.0              0.0           0.1           0.0
40                     0.0               0.0              0.0               0.0              0.0              0.0              0.0              0.1               0.0               0.0                 0.0                 0.0              0.0              0.0           0.0           0.0
41                     0.0               0.0              0.0               0.0              0.0              0.0              0.0              0.1               0.0               0.0                 0.0                 0.0              0.0              0.0           0.0           0.0
42                     0.0               0.0              0.0               0.0              0.0              0.0              0.0              0.1               0.0               0.0                 0.0                 0.0              0.0              0.0           0.0           0.0
43                     0.0               0.0              NaN               NaN              0.0              0.0              0.0              0.1               0.0               0.0                 0.0                 0.0              0.0              0.0           0.0           0.0

written /projects/disruptsc/runs/rhine2026/compare_runs_batch_jobs_20261007_rev.csv
