== cumulated value-added loss (mUSD), % of a quarter, peak week (% of a week's VA), loss weeks (> 0.01 % of a week) ==
   gross = weekly shortfalls clipped at zero; net = backlog left at the end for goods and construction (A-F) + gross for the perishable sectors; delay = carrying cost of the backlog while outstanding
run                        2026_s07_base  2018_s07_base  2026_s07_nopool  2018_s07_nopool  2018_s07_seed1  2018_s07_seed2  2018_s07_seed3  2018_s07_seed4  2018_s07_seed5  2018_s07_seed6  2018_s07_seed7  2018_s07_seed8  2018_s07_seed9  2018_s07_seed10  2026_s07_stock7  2026_s07_deep20  2026_s07_fleet  2026_s07_stock7t  2026_s07_package  wave07_A   wave07_B  wave07_AB_gap1  wave07_AB_gap2  wave07_AB_gap4  wave07_AB_gap8  wave07_flat  2026_s07_gateonly  2026_s07_surchargeonly  2026_s07_tablelow  2026_s07_tablehigh  2018_s07_tablelow  2018_s07_tablehigh  2026_s07_sup2  2018_s07_sup2  2026_s07_full  2018_s07_full
weeks                             43.000         42.000           43.000           42.000          42.000          42.000          42.000          42.000          42.000          42.000          42.000          42.000          42.000           42.000           43.000           43.000          43.000            43.000            43.000    30.000     33.000          44.000          45.000          47.000          51.000       43.000             43.000                   43.00             43.000              43.000             42.000              42.000         43.000         42.000         43.000         42.000
EU_cum_mUSD                    16913.000      10529.000       138611.000        40924.000        8058.000        8987.000        5151.000        8738.000       11266.000       10003.000        8309.000        8354.000        5371.000        11121.000         9504.000        10757.000       14288.000         13410.000          3934.000  6146.000   9477.000       16548.000       16236.000       15818.000       15181.000    13048.000          18580.000                    7.00          22113.000           11723.000          14656.000            7476.000       7118.000       4315.000      16913.000      10529.000
EU_%quarter                        0.411          0.256            3.371            0.995           0.196           0.219           0.125           0.213           0.274           0.243           0.202           0.203           0.131            0.270            0.231            0.262           0.347             0.326             0.096     0.149      0.230           0.402           0.395           0.385           0.369        0.317              0.452                    0.00              0.538               0.285              0.356               0.182          0.173          0.105          0.411          0.256
EU_peak_%week                      0.671          0.289            6.538            2.087           0.223           0.269           0.155           0.265           0.303           0.285           0.271           0.223           0.149            0.329            0.416            0.321           0.643             0.571             0.150     0.335      0.468           0.681           0.598           0.528           0.499        0.234              0.664                    0.00              0.769               0.394              0.418               0.196          0.244          0.148          0.671          0.289
firms<99%_peak_%                   3.900          3.360           18.450            8.560           2.870           3.000           2.780           3.100           3.140           3.170           3.060           3.090           2.700            3.600            3.110            3.410           3.990             3.580             2.500     3.280      3.620           3.900           3.860           3.870           3.650        3.200              3.710                    0.13              3.800               3.690              3.590               2.880          3.550          3.090          3.900          3.360
cons_loss_cum_mUSD             20398.000      11315.000       197090.000        53125.000        7115.000       10817.000        5675.000        9182.000       11673.000       10330.000        8970.000        9010.000        5637.000        11272.000        10326.000        11988.000       16557.000         16342.000          4429.000  5592.000  10117.000       19300.000       18395.000       17112.000       15557.000    15662.000          22877.000                    0.00          27312.000           13443.000          16578.000            7725.000       6464.000       3799.000      20398.000      11315.000
cons_loss_peak_%                   0.793          0.329            9.016            3.133           0.224           0.332           0.199           0.323           0.365           0.297           0.291           0.258           0.179            0.319            0.374            0.385           0.728             0.715             0.135     0.291      0.407           0.765           0.738           0.582           0.502        0.261              0.803                    0.00              0.918               0.510              0.511               0.202          0.210          0.115          0.793          0.329
DEU_net_mUSD                   13512.000       8397.000        50462.000        19689.000        6106.000        7722.000        3548.000        7490.000        9879.000        8513.000        6973.000        7110.000        3407.000         9931.000         7683.000         8601.000       11241.000         10455.000          2822.000  4935.000   7541.000       13225.000       12970.000       12636.000       12076.000    10642.000          14942.000                    1.00          17499.000            9331.000          11629.000            6053.000       6156.000       3642.000      13512.000       8397.000
DEU_delay_mUSD                   350.600        147.200         1884.200          521.000         158.800         129.900          72.500          87.000         191.000         173.700         161.600         173.700          49.900          128.200          151.900          173.000         268.800           254.000            51.700    54.500    134.000         323.600         303.300         278.300         254.900      228.000            405.900                    0.00            513.700             200.100            248.000              90.800        100.600         41.100        350.600        147.200
DEU_net_deferrable_mUSD         4494.000       2056.000        26628.000         7761.000        2231.000        1884.000        1092.000        1291.000        2760.000        2366.000        2321.000        2476.000         723.000         1846.000         1955.000         2224.000        3488.000          3284.000           660.000   915.000   1887.000        4146.000        3865.000        3485.000        3061.000     2971.000           5167.000                    0.00           6418.000            2581.000           3471.000            1271.000       1331.000        605.000       4494.000       2056.000
DEU_gross_perishable_mUSD       9018.000       6341.000        23835.000        11927.000        3875.000        5839.000        2456.000        6199.000        7119.000        6146.000        4651.000        4634.000        2684.000         8085.000         5728.000         6377.000        7752.000          7172.000          2162.000  4020.000   5653.000        9078.000        9105.000        9151.000        9015.000     7671.000           9775.000                    1.00          11081.000            6750.000           8157.000            4782.000       4824.000       3036.000       9018.000       6341.000
EU_net_mUSD                    15551.000       9897.000       121264.000        34681.000        7426.000        8504.000        4795.000        8281.000       10725.000        9232.000        7756.000        7915.000        4998.000        10698.000         9030.000        10140.000       13109.000         12257.000          3763.000  5875.000   8840.000       15314.000       15096.000       14797.000       14265.000    12513.000          17075.000                    7.00          19820.000           10978.000          13441.000            7244.000       7022.000       4241.000      15551.000       9897.000
EU_delay_mUSD                    447.300        211.200         4153.400          927.400         201.300         157.600         136.600         117.800         221.500         201.600         189.800         208.900         109.500          146.500          228.700          243.400         354.900           351.900           104.500    83.000    183.900         421.800         402.900         379.800         359.800      317.200            508.500                    0.10            625.800             276.700            325.800             141.800        144.200         68.900        447.300        211.200
EU_net_deferrable_mUSD          5727.000       2909.000        60883.000        14237.000        2791.000        2230.000        1991.000        1684.000        3140.000        2714.000        2678.000        2938.000        1539.000         2066.000         2931.000         3125.000        4595.000          4535.000          1343.000  1384.000   2609.000        5386.000        5106.000        4721.000        4280.000     4112.000           6470.000                    2.00           7831.000            3562.000           4515.000            1944.000       1897.000        983.000       5727.000       2909.000
EU_gross_perishable_mUSD        9823.000       6988.000        60382.000        20444.000        4634.000        6274.000        2804.000        6597.000        7585.000        6518.000        5079.000        4977.000        3458.000         8633.000         6099.000         7014.000        8514.000          7722.000          2419.000  4491.000   6231.000        9928.000        9990.000       10076.000        9985.000     8402.000          10605.000                    6.00          11990.000            7416.000           8927.000            5300.000       5125.000       3258.000       9823.000       6988.000
DEU_cum_mUSD                   14762.000       8928.000        58283.000        23217.000        6668.000        8130.000        3868.000        7851.000       10336.000        9194.000        7442.000        7492.000        3704.000        10266.000         8062.000         9145.000       12317.000         11494.000          2936.000  5120.000   8094.000       14336.000       13980.000       13519.000       12839.000    11088.000          16328.000                    1.00          19644.000            9998.000          12707.000            6212.000       6231.000       3687.000      14762.000       8928.000
DEU_%quarter                       1.545          0.935            6.101            2.430           0.698           0.851           0.405           0.822           1.082           0.962           0.779           0.784           0.388            1.075            0.844            0.957           1.289             1.203             0.307     0.536      0.847           1.501           1.463           1.415           1.344        1.161              1.709                    0.00              2.056               1.047              1.330               0.650          0.652          0.386          1.545          0.935
DEU_peak_%week                     2.621          1.095            9.418            3.770           0.842           1.089           0.537           1.052           1.233           1.152           1.096           0.878           0.478            1.334            1.645            1.191           2.453             2.206             0.557     1.252      1.733           2.646           2.389           2.034           1.855        0.859              2.604                    0.00              3.057               1.552              1.629               0.726          0.942          0.562          2.621          1.095
DEU_peak_week                     17.000         21.000           19.000           22.000          21.000          21.000          21.000          21.000          17.000          17.000          17.000          16.000          21.000           17.000           17.000           17.000          17.000            18.000            17.000    10.000      7.000          18.000          20.000          22.000          25.000        6.000             17.000                   39.00             17.000              18.000             21.000              16.000         17.000         16.000         17.000         21.000
DEU_loss_weeks                    23.000         23.000           27.000           24.000          23.000          23.000          20.000          23.000          23.000          24.000          23.000          23.000          21.000           23.000           22.000           22.000          23.000            23.000            19.000    12.000     13.000          24.000          25.000          25.000          25.000       25.000             23.000                    0.00             24.000              23.000             23.000              22.000         22.000         20.000         23.000         23.000

== other countries ==
run                        2026_s07_base  2018_s07_base  2026_s07_nopool  2018_s07_nopool  2018_s07_seed1  2018_s07_seed2  2018_s07_seed3  2018_s07_seed4  2018_s07_seed5  2018_s07_seed6  2018_s07_seed7  2018_s07_seed8  2018_s07_seed9  2018_s07_seed10  2026_s07_stock7  2026_s07_deep20  2026_s07_fleet  2026_s07_stock7t  2026_s07_package  wave07_A  wave07_B  wave07_AB_gap1  wave07_AB_gap2  wave07_AB_gap4  wave07_AB_gap8  wave07_flat  2026_s07_gateonly  2026_s07_surchargeonly  2026_s07_tablelow  2026_s07_tablehigh  2018_s07_tablelow  2018_s07_tablehigh  2026_s07_sup2  2018_s07_sup2  2026_s07_full  2018_s07_full
NLD_net_mUSD                     129.000        118.000         8340.000         1730.000         216.000         100.000         213.000         123.000         111.000          89.000          97.000         141.000         211.000           53.000          160.000          129.000         130.000           133.000           167.000    74.000    96.000         135.000         139.000         148.000         166.000      146.000            128.000                     0.0            124.000             134.000            112.000             116.000        234.000        167.000        129.000        118.000
NLD_delay_mUSD                     9.900          8.800          413.200           75.600          14.400           7.200          13.800           8.700           8.400           7.000           6.800          10.400          13.400            3.600           11.600            9.500           9.800             9.800            11.300     4.000     5.800          10.400          10.800          11.500          12.900       11.400              9.900                     0.0              9.700              10.000              8.700               8.400         16.100         10.400          9.900          8.800
NLD_net_deferrable_mUSD          111.000        103.000         6372.000         1283.000         189.000          76.000         185.000         102.000          90.000          73.000          72.000         127.000         178.000           28.000          137.000          112.000         113.000           111.000           144.000    59.000    78.000         115.000         119.000         127.000         138.000      131.000            109.000                     0.0            104.000             118.000             95.000             103.000        207.000        140.000        111.000        103.000
NLD_gross_perishable_mUSD         19.000         15.000         1968.000          447.000          27.000          25.000          27.000          21.000          21.000          15.000          25.000          15.000          33.000           24.000           23.000           16.000          18.000            22.000            23.000    16.000    18.000          19.000          20.000          22.000          27.000       15.000             19.000                     0.0             21.000              16.000             17.000              13.000         28.000         27.000         19.000         15.000
AUT_net_mUSD                     167.000        142.000         6606.000         2657.000          24.000          69.000          85.000         149.000          82.000          99.000         115.000          89.000          22.000          134.000           36.000          136.000         159.000            43.000            18.000   100.000   109.000         181.000         190.000         199.000         203.000      165.000            172.000                     0.0            190.000             140.000            164.000             129.000        118.000         64.000        167.000        142.000
AUT_delay_mUSD                     2.800          1.100          137.400           25.700           1.100           1.300           1.300           0.500           1.300           1.100           0.700           1.400           1.200            1.100            2.500            1.300           2.000             2.900             1.300     0.500     0.800           2.500           2.300           2.100           2.000        1.600              3.300                     0.0              4.400               1.300              2.000               1.000          2.600          1.300          2.800          1.100
AUT_net_deferrable_mUSD           39.000         15.000         1931.000          361.000          15.000          18.000          17.000           6.000          17.000          15.000           8.000          18.000          16.000           15.000           35.000           16.000          27.000            40.000            17.000     9.000    13.000          35.000          31.000          28.000          24.000       21.000             47.000                     0.0             62.000              18.000             30.000              14.000         34.000         19.000         39.000         15.000
AUT_gross_perishable_mUSD        128.000        127.000         4674.000         2296.000           9.000          51.000          68.000         143.000          65.000          85.000         106.000          70.000           6.000          118.000            1.000          120.000         133.000             3.000             1.000    91.000    96.000         146.000         158.000         171.000         179.000      143.000            125.000                     0.0            128.000             122.000            134.000             115.000         84.000         45.000        128.000        127.000
FRA_net_mUSD                    1226.000        837.000        10601.000         3145.000         747.000         286.000         631.000         264.000         341.000         192.000         251.000         266.000        1103.000          283.000          755.000          854.000        1090.000          1160.000           428.000   511.000   748.000        1237.000        1249.000        1251.000        1241.000     1059.000           1302.000                     0.0           1444.000             929.000           1081.000             604.000        162.000        119.000       1226.000        837.000
FRA_delay_mUSD                    60.900         36.400          381.500          114.200           6.900           1.500          31.100           8.500           3.600           4.200           5.900           5.900          30.700            2.000           38.100           40.400          52.500            61.600            20.500    16.000    30.400          61.400          61.900          62.200          62.400       52.200             65.600                     0.0             73.700              44.600             47.900              25.900          4.100          2.500         60.900         36.400
FRA_net_deferrable_mUSD          782.000        498.000         5552.000         1738.000          84.000          19.000         455.000         114.000          46.000          57.000          79.000          84.000         432.000           25.000          476.000          518.000         683.000           792.000           255.000   267.000   436.000         780.000         778.000         762.000         729.000      676.000            838.000                     0.0            931.000             575.000            664.000             345.000         53.000         34.000        782.000        498.000
FRA_gross_perishable_mUSD        444.000        339.000         5049.000         1408.000         663.000         267.000         176.000         150.000         295.000         135.000         171.000         182.000         672.000          258.000          279.000          335.000         407.000           368.000           174.000   244.000   312.000         457.000         472.000         489.000         512.000      383.000            464.000                     0.0            513.000             354.000            417.000             259.000        109.000         85.000        444.000        339.000
CHE_net_mUSD                      16.000         12.000          361.000           14.000           5.000           5.000           7.000           4.000           7.000           9.000           4.000           6.000           4.000           12.000            6.000           12.000          15.000            16.000             4.000     7.000    10.000          16.000          17.000          17.000          17.000       15.000             17.000                     0.0             19.000              13.000             14.000               9.000          5.000          3.000         16.000         12.000
CHE_delay_mUSD                     0.500          0.400           20.800            0.700           0.300           0.300           0.500           0.300           0.300           0.300           0.300           0.400           0.300            0.300            0.400            0.400           0.500             0.500             0.300     0.200     0.300           0.600           0.600           0.600           0.600        0.500              0.600                     0.0              0.600               0.400              0.400               0.300          0.400          0.200          0.500          0.400
CHE_net_deferrable_mUSD            7.000          5.000          323.000           10.000           5.000           4.000           7.000           4.000           4.000           5.000           4.000           6.000           4.000            4.000            6.000            5.000           6.000             7.000             4.000     3.000     4.000           7.000           7.000           7.000           7.000        7.000              8.000                     0.0              8.000               6.000              6.000               4.000          5.000          3.000          7.000          5.000
CHE_gross_perishable_mUSD          9.000          7.000           38.000            3.000           0.000           1.000           0.000           0.000           2.000           5.000           0.000           0.000           0.000            8.000            0.000            7.000           8.000             9.000             0.000     4.000     5.000           9.000           9.000           9.000           9.000        8.000              9.000                     0.0             11.000               7.000              8.000               5.000          0.000          0.000          9.000          7.000
BEL_net_mUSD                      30.000         23.000         8300.000         1911.000          21.000          14.000          43.000          17.000          11.000           8.000          18.000          25.000          36.000            8.000           28.000           25.000          29.000            33.000            30.000    16.000    21.000          31.000          31.000          32.000          35.000       26.000             30.000                     0.0             31.000              26.000             26.000              20.000         38.000         29.000         30.000         23.000
BEL_delay_mUSD                     1.300          1.200          160.600           35.400           1.400           0.800           2.100           0.900           0.800           0.500           0.600           0.500           1.900            0.500            1.600            1.300           1.300             1.400             1.600     0.500     0.800           1.400           1.400           1.500           1.700        1.500              1.300                     0.0              1.200               1.300              1.200               1.100          2.200          1.400          1.300          1.200
BEL_net_deferrable_mUSD           13.000         13.000         2392.000          588.000          14.000           7.000          27.000           7.000           6.000           2.000           3.000           3.000          23.000            3.000           17.000           14.000          14.000            14.000            19.000     7.000     9.000          14.000          15.000          15.000          17.000       16.000             13.000                     0.0             11.000              15.000             12.000              13.000         27.000         18.000         13.000         13.000
BEL_gross_perishable_mUSD         17.000         10.000         5908.000         1322.000           7.000           6.000          16.000           9.000           5.000           7.000          15.000          22.000          13.000            4.000           11.000           11.000          15.000            19.000            11.000     9.000    12.000          17.000          16.000          17.000          18.000       10.000             17.000                     0.0             20.000              11.000             14.000               7.000         11.000         11.000         17.000         10.000
NLD_cum_mUSD                     159.000        151.000        10046.000         2274.000         233.000         144.000         223.000         164.000         156.000         132.000         136.000         169.000         224.000          107.000          183.000          145.000         159.000           162.000           174.000   102.000   118.000         170.000         179.000         191.000         209.000      173.000            160.000                     0.0            165.000             151.000            160.000             138.000        242.000        181.000        159.000        151.000
NLD_%quarter                       0.068          0.064            4.295            0.972           0.100           0.062           0.095           0.070           0.067           0.057           0.058           0.072           0.096            0.046            0.078            0.062           0.068             0.069             0.074     0.044     0.050           0.073           0.076           0.082           0.090        0.074              0.069                     0.0              0.071               0.065              0.068               0.059          0.103          0.077          0.068          0.064
NLD_peak_%week                     0.080          0.067            9.733            4.942           0.083           0.065           0.087           0.069           0.069           0.065           0.067           0.066           0.084            0.062            0.096            0.083           0.069             0.081             0.080     0.080     0.108           0.080           0.080           0.080           0.092        0.087              0.087                     0.0              0.092               0.072              0.074               0.060          0.102          0.083          0.080          0.067
NLD_peak_week                      7.000          7.000           21.000           24.000          16.000           7.000          16.000          16.000           7.000           7.000           7.000           7.000          16.000            7.000            8.000            8.000           7.000             7.000             9.000     7.000     5.000           7.000           7.000           7.000          23.000        4.000              6.000                    10.0              6.000               7.000              6.000               7.000          9.000         16.000          7.000          7.000
NLD_loss_weeks                    19.000         21.000           25.000           24.000          22.000          21.000          21.000          19.000          21.000          20.000          20.000          20.000          21.000           19.000           20.000           19.000          20.000            19.000            20.000    10.000    11.000          19.000          19.000          21.000          21.000       24.000             19.000                     0.0             20.000              21.000             21.000              20.000         21.000         19.000         19.000         21.000
AUT_cum_mUSD                     169.000        143.000         7550.000         2918.000          26.000          69.000          86.000         151.000          84.000         101.000         116.000          89.000          24.000          135.000           38.000          137.000         161.000            45.000            19.000   101.000   110.000         183.000         192.000         201.000         205.000      166.000            174.000                     0.0            192.000             141.000            166.000             129.000        119.000         65.000        169.000        143.000
AUT_%quarter                       0.154          0.131            6.886            2.661           0.023           0.063           0.079           0.138           0.076           0.092           0.106           0.082           0.022            0.123            0.034            0.125           0.147             0.041             0.017     0.092     0.100           0.167           0.175           0.184           0.187        0.151              0.158                     0.0              0.175               0.128              0.151               0.118          0.108          0.059          0.154          0.131
AUT_peak_%week                     0.181          0.134           11.881            4.342           0.019           0.075           0.089           0.188           0.078           0.143           0.112           0.098           0.018            0.169            0.078            0.189           0.180             0.086             0.013     0.173     0.228           0.192           0.173           0.195           0.214        0.166              0.182                     0.0              0.195               0.154              0.154               0.112          0.210          0.086          0.181          0.134
AUT_peak_week                     16.000          7.000           21.000           23.000          23.000          16.000           5.000          16.000          16.000          17.000           7.000           5.000          16.000           17.000           17.000            8.000          17.000            16.000             9.000     8.000     5.000          17.000          19.000          19.000          23.000        3.000              7.000                    15.0              7.000               8.000              7.000               7.000         17.000         16.000         16.000          7.000
AUT_loss_weeks                    23.000         22.000           26.000           25.000          17.000          21.000          21.000          21.000          21.000          18.000          22.000          21.000          17.000           22.000           18.000           20.000          23.000            18.000            10.000    10.000    10.000          23.000          22.000          22.000          22.000       25.000             23.000                     0.0             23.000              21.000             23.000              22.000         19.000         18.000         23.000         22.000
FRA_cum_mUSD                    1282.000        884.000        11328.000         3449.000         777.000         292.000         641.000         292.000         356.000         212.000         275.000         276.000        1149.000          291.000          806.000          893.000        1140.000          1215.000           466.000   550.000   791.000        1296.000        1312.000        1318.000        1317.000     1101.000           1360.000                     0.0           1510.000             972.000           1138.000             638.000        165.000        122.000       1282.000        884.000
FRA_%quarter                       0.197          0.136            1.742            0.530           0.119           0.045           0.099           0.045           0.055           0.033           0.042           0.043           0.177            0.045            0.124            0.137           0.175             0.187             0.072     0.085     0.122           0.199           0.202           0.203           0.203        0.169              0.209                     0.0              0.232               0.149              0.175               0.098          0.025          0.019          0.197          0.136
FRA_peak_%week                     0.276          0.145            3.635            0.933           0.124           0.046           0.118           0.062           0.060           0.036           0.073           0.048           0.198            0.051            0.158            0.183           0.313             0.275             0.091     0.170     0.273           0.286           0.292           0.299           0.295        0.123              0.268                     0.0              0.298               0.218              0.223               0.094          0.035          0.021          0.276          0.145
FRA_peak_week                     16.000         21.000           20.000           21.000          16.000          16.000          21.000          21.000          16.000          20.000          20.000          20.000          16.000           16.000           16.000           17.000          17.000            16.000             9.000    10.000     7.000          17.000          19.000          21.000          25.000        3.000             16.000                     9.0             16.000              17.000             16.000              16.000         17.000         16.000         16.000         21.000
FRA_loss_weeks                    23.000         23.000           23.000           23.000          21.000          19.000          22.000          19.000          17.000          16.000          18.000          19.000          22.000           17.000           20.000           21.000          23.000            23.000            17.000    11.000    13.000          24.000          24.000          24.000          24.000       26.000             23.000                     0.0             23.000              22.000             24.000              22.000         12.000         15.000         23.000         23.000
CHE_cum_mUSD                      16.000         12.000          480.000           18.000           5.000           6.000           7.000           4.000           7.000           9.000           5.000           6.000           4.000           12.000            6.000           12.000          15.000            16.000             4.000     7.000    10.000          17.000          17.000          17.000          17.000       16.000             17.000                     0.0             20.000              13.000             15.000              10.000          5.000          4.000         16.000         12.000
CHE_%quarter                       0.008          0.006            0.237            0.009           0.002           0.003           0.003           0.002           0.003           0.005           0.002           0.003           0.002            0.006            0.003            0.006           0.007             0.008             0.002     0.004     0.005           0.008           0.008           0.009           0.009        0.008              0.008                     0.0              0.010               0.007              0.007               0.005          0.002          0.002          0.008          0.006
CHE_peak_%week                     0.009          0.006            0.638            0.048           0.002           0.003           0.004           0.002           0.005           0.004           0.002           0.003           0.002            0.015            0.003            0.007           0.012             0.009             0.002     0.007     0.009           0.010           0.010           0.010           0.009        0.007              0.009                     0.0              0.011               0.008              0.009               0.005          0.002          0.002          0.009          0.006
CHE_peak_week                     17.000         16.000           19.000           23.000          16.000          16.000          16.000          20.000          18.000          22.000          15.000          16.000          16.000           18.000           16.000           17.000          17.000            17.000             9.000     9.000     8.000          18.000          19.000          21.000          26.000        4.000             17.000                    28.0             21.000              17.000             17.000              16.000         16.000         16.000         17.000         16.000
CHE_loss_weeks                     0.000          0.000            9.000            2.000           0.000           0.000           0.000           0.000           0.000           0.000           0.000           0.000           0.000            2.000            0.000            0.000           1.000             0.000             0.000     0.000     0.000           1.000           1.000           0.000           0.000        0.000              0.000                     0.0              1.000               0.000              0.000               0.000          0.000          0.000          0.000          0.000
BEL_cum_mUSD                      36.000         29.000         8936.000         2130.000          29.000          22.000          46.000          27.000          20.000          18.000          27.000          34.000          41.000           16.000           33.000           29.000          34.000            39.000            33.000    22.000    26.000          37.000          38.000          40.000          44.000       32.000             37.000                     0.0             40.000              30.000             34.000              25.000         41.000         33.000         36.000         29.000
BEL_%quarter                       0.026          0.022            6.563            1.565           0.021           0.016           0.034           0.020           0.015           0.013           0.020           0.025           0.030            0.012            0.024            0.021           0.025             0.028             0.024     0.016     0.019           0.027           0.028           0.029           0.032        0.023              0.027                     0.0              0.029               0.022              0.025               0.018          0.030          0.024          0.026          0.022
BEL_peak_%week                     0.031          0.026           18.286            4.847           0.026           0.023           0.031           0.024           0.024           0.023           0.025           0.035           0.027            0.023            0.038            0.031           0.038             0.032             0.032     0.031     0.041           0.034           0.035           0.031           0.031        0.035              0.034                     0.0              0.036               0.028              0.029               0.024          0.037          0.027          0.031          0.026
BEL_peak_week                      6.000          6.000           20.000           24.000           7.000           7.000          16.000           7.000           7.000           7.000          20.000           5.000          16.000            7.000            8.000            8.000          17.000             7.000             9.000     6.000     5.000          18.000          19.000           6.000          22.000        4.000              6.000                    33.0              6.000               7.000              6.000               7.000          9.000         16.000          6.000          6.000
BEL_loss_weeks                    15.000         12.000           24.000           23.000          14.000           8.000          19.000          12.000           7.000           5.000          10.000          12.000          18.000            5.000           13.000           12.000          13.000            17.000            13.000    10.000     8.000          17.000          17.000          18.000          18.000        9.000             14.000                     0.0             15.000              12.000             15.000               8.000         14.000         16.000         15.000         12.000

== weekly value-added loss of DEU (mUSD/week) ==
           2026_s07_base  2018_s07_base  2026_s07_nopool  2018_s07_nopool  2018_s07_seed1  2018_s07_seed2  2018_s07_seed3  2018_s07_seed4  2018_s07_seed5  2018_s07_seed6  2018_s07_seed7  2018_s07_seed8  2018_s07_seed9  2018_s07_seed10  2026_s07_stock7  2026_s07_deep20  2026_s07_fleet  2026_s07_stock7t  2026_s07_package  wave07_A  wave07_B  wave07_AB_gap1  wave07_AB_gap2  wave07_AB_gap4  wave07_AB_gap8  wave07_flat  2026_s07_gateonly  2026_s07_surchargeonly  2026_s07_tablelow  2026_s07_tablehigh  2018_s07_tablelow  2018_s07_tablehigh  2026_s07_sup2  2018_s07_sup2  2026_s07_full  2018_s07_full
time_step                                                                                                                                                                                                                                                                                                                                                                                                                                                                                                                                                                                                             
0                    0.0            0.0              0.0              0.0             0.0             0.0             0.0             0.0             0.0             0.0             0.0             0.0             0.0              0.0              0.0              0.0             0.0               0.0               0.0       0.0       0.0             0.0             0.0             0.0             0.0          0.0                0.0                     0.0                0.0                 0.0                0.0                 0.0            0.0            0.0            0.0            0.0
1                    0.0            0.0              0.0              0.0             0.0             0.0             0.0             0.0             0.0             0.0             0.0             0.0             0.0              0.0              0.0              0.0             0.0               0.0               0.0       0.0       0.0             0.0             0.0             0.0             0.0          0.0                0.0                     0.0                0.0                 0.0                0.0                 0.0            0.0            0.0            0.0            0.0
2                  100.2           62.9             77.6             48.7            82.1            57.5            43.6            29.7            78.4            64.7            53.4            72.1            38.3             43.1             10.0             49.3           100.2              14.2               4.9     100.2     228.0           100.2           100.2           100.2           100.2        218.8              102.2                     0.0              103.7                83.7               71.3                52.4           46.6            0.0          100.2           62.9
3                   74.5           70.6             59.1             55.4            92.2            66.3            51.8            38.5            90.0            73.6            61.5            81.2            45.1             52.6             10.7             34.2            74.5              13.7               5.1      74.5     380.3            74.5            74.5            74.5            74.5        292.3               78.2                     0.0               90.8                63.0               80.4                59.1           10.4            4.4           74.5           70.6
4                  145.9          154.8            134.6            135.4           192.4           160.9           146.2           147.1           234.0           175.7           137.7           187.3           127.8            168.1             15.1             61.5           145.9              20.6               8.0     145.9     598.4           145.9           145.9           145.9           145.9        417.5              165.6                     0.0              176.3               113.7              189.8               119.7           71.4           93.1          145.9          154.8
5                  286.0          205.0            289.6            195.8           229.2           220.0           183.6           205.1           333.7           238.2           179.8           246.1           182.6            248.6             60.4            177.4           225.0              90.1              16.0     286.0     948.1           286.0           286.0           286.0           286.0        616.6              332.7                     0.0              377.3               223.9              242.8               162.7          193.5          129.1          286.0          205.0
6                  511.5          334.5            568.7            393.4           248.7           254.0           161.0           194.5           374.4           316.6           207.9           277.3           162.3            238.1            154.0            161.0           401.3             196.1              17.0     511.5    1197.8           511.5           511.5           511.5           511.5        631.3              608.1                     0.0              679.7               340.3              460.7               186.6          176.5          114.6          511.5          334.5
7                  668.3          472.9            789.8            562.6           307.6           382.9           186.9           380.4           596.5           488.5           384.2           410.9           181.6            401.5            252.8            419.7           529.9             284.2              93.5     668.3    1273.1           668.3           668.3           668.3           668.3        560.8              744.9                     0.0              836.1               515.4              586.8               376.9          312.5          141.6          668.3          472.9
8                  815.3          461.5            987.8            605.3           219.8           357.8           129.4           409.6           521.3           456.4           331.5           311.7           132.2            455.9            317.3            665.4           629.6             518.7             161.7     815.3    1160.9           815.3           815.3           815.3           815.3        533.4              882.4                     0.0             1007.9               624.2              560.8               369.5          512.3          152.1          815.3          461.5
9                  888.6          213.9           1156.1            394.9            26.3           122.3             2.4           138.2           144.3           170.6            98.9            72.3             5.0            219.6            399.4            754.7           772.0             732.9             193.5     888.6     906.5           888.6           888.6           888.6           888.6        499.3              943.8                     0.0             1150.4               687.1              265.3               158.8          527.6           58.6          888.6          213.9
10                 919.9           91.7           1341.4            224.4           109.2           101.0            46.8            50.2           128.4           106.9            77.1           107.3            57.3            112.7            589.7            720.7           777.1             804.7             178.2     919.9     627.4           919.9           919.9           919.9           919.9        500.6             1027.9                     0.0             1305.9               659.5              130.6                79.7          423.7           24.1          919.9           91.7
11                 623.6          265.9           1341.9            395.9           244.0           248.9           132.8           178.5           371.2           297.8           206.9           278.1           136.8            246.4            375.6            400.3           452.7             492.8              61.2     623.6     413.2           623.6           623.6           623.6           623.6        521.4              689.9                     0.0              954.7               411.2              329.1               221.9          195.4          108.2          623.6          265.9
12                 257.7          356.1           1092.5            507.8           179.8           271.5            80.0           294.5           386.0           347.2           249.9           263.6            87.5            323.1            160.7            136.2           214.3             200.9              83.8      55.2     248.7            55.2            55.2            55.2            55.2        500.8              394.2                     0.0              769.4               229.0              442.9               277.0          128.1           93.3          257.7          356.1
13                 519.3          347.2           1451.3            505.6           217.4           265.9           114.1           272.7           396.6           348.1           245.0           286.2           119.5            383.8            378.2            352.7           375.3             433.6             175.0      23.7      77.5           108.1            23.7            23.7            23.7        490.2              609.9                     0.0              661.6               387.8              432.4               262.9          280.8          141.4          519.3          347.2
14                 829.8          432.2           1818.8            632.2           307.3           372.6           169.0           364.6           515.7           468.4           314.8           378.3           166.8            502.4            600.1            618.2           583.1             728.1             205.5       4.1      24.0           384.6            82.6             4.1             4.1        470.9              951.9                     0.0             1100.5               574.6              548.9               341.6          413.5          251.8          829.8          432.2
15                1137.3          586.3           2402.4            920.9           428.5           548.9           252.2           568.0           733.0           656.2           500.7           525.9           242.0            779.8            782.4            761.9           858.6             927.9             296.7       0.6       5.0           754.2           336.8             0.6             0.6        455.4             1425.7                     0.0             1706.3               709.3              807.6               446.8          540.5          355.9         1137.3          586.3
16                1684.3          736.9           3324.5           1309.1           584.2           686.0           272.6           726.9           845.1           808.1           652.5           645.3           257.5            973.6           1128.9            874.4          1380.4            1317.2             387.5       0.6       1.3          1077.8           698.8            82.5             0.6        444.8             1703.5                     0.0             2044.6               980.1             1064.7               533.8          660.6          413.2         1684.3          736.9
17                1925.9          742.0           4837.6           1494.1           594.0           678.1           305.3           626.3           906.3           846.2           805.3           613.1           322.2            980.5           1208.5            874.8          1802.1            1619.4             409.5       0.4       0.8          1407.4           977.0           295.7             0.4        445.5             1913.3                     0.0             2246.7              1018.5             1002.2               482.8          692.5          323.7         1925.9          742.0
18                1607.6          581.4           6281.0           1453.7           537.1           617.4           322.9           580.0           701.8           621.6           607.8           587.1           294.1            959.9            883.7            874.7          1660.4            1621.0             304.8       0.3       0.6          1944.3          1397.6           562.3             0.3        489.5             1630.1                     0.0             1986.6              1140.2             1040.5               398.8          434.2          234.5         1607.6          581.4
19                 860.3          576.9           6920.7           1708.9           512.4           617.6           325.2           627.6           734.2           628.7           528.2           547.8           306.3            858.1            282.2            671.7           720.1             838.4             165.4       0.3       0.5          1688.8          1589.1           954.0             0.3        477.9              928.6                     0.0             1146.8               602.6             1000.0               415.6          189.2          254.3          860.3          576.9
20                 271.6          634.5           6667.8           1977.7           566.0           707.7           367.8           683.2           826.6           694.5           586.7           578.5           337.4            805.1            192.7            312.9           138.9             221.9              93.0       0.2       0.5           934.6          1755.6          1232.9            66.2        465.6              350.9                     0.0              304.7               221.5             1060.4               463.4          169.3          314.2          271.6          634.5
21                 305.6          804.8           6003.5           2457.3           618.6           800.2           394.4           772.9           881.9           775.1           674.0           620.9           351.1            788.5            173.3            142.4           185.9             243.7              55.6       0.1       0.4           293.1          1034.6          1451.1           225.6        459.3              380.1                     0.0              416.7               217.4             1196.7               499.7          169.1          342.9          305.6          804.8
22                 198.3          613.5           4543.3           2770.1           227.2           450.7           175.0           449.8           422.6           423.8           388.4           242.4           137.6            436.3             62.4             55.5           160.2             126.4               8.3       0.1       0.3           327.1           320.1          1494.8           383.6        450.6              313.7                     0.0              304.5               120.7              872.5               258.8           64.3          114.0          198.3          613.5
23                  93.0          164.1           3521.8           2668.1           119.9           120.9             4.2            94.0            87.9           108.6           132.6           148.2            10.2            215.7              9.1             16.8            88.7              31.4               4.0       0.0       0.2           202.4           345.2          1177.2           724.8        447.6              112.0                     0.0              223.7                48.8              290.6                32.9           13.2           14.0           93.0          164.1
24                  25.4           12.7           1921.0           1604.6            11.6            17.7             0.9            16.2            22.8            63.5            15.1             8.6             1.2             66.9              5.2              4.3            29.6               8.5               1.8       0.0       0.1            89.9           210.3           418.1          1129.9        444.6               25.5                     0.0               32.5                17.8               21.7                 7.1            4.4            6.4           25.4           12.7
25                   5.7            2.6            546.7            152.2             4.2             2.5             0.2             2.2             1.7             8.4             1.1             0.8             0.9              3.3              1.9              1.2             6.1               1.8               1.5       0.0       0.1            23.9            84.2           386.6          1363.2        213.0                6.4                     0.0                8.9                 3.2                4.5                 1.4            1.2            1.4            5.7            2.6
26                   1.4            0.7            107.8              5.0             3.5             0.4             0.1             0.3             0.7             4.3             0.6             0.5             0.5              1.7              1.4              0.8             1.2               1.1               1.2       0.0       0.0             5.5            24.0           234.6          1194.9         29.8                1.6                     0.0                1.7                 1.1                0.8                 0.6            0.2            0.2            1.4            0.7
27                   0.8            0.5              7.2              3.7             2.3             0.2             0.0             0.0             0.2             2.1             0.3             0.3             0.1              0.6              1.2              0.7             0.8               1.0               0.9       0.0       0.0             1.4             5.4            77.1          1172.6          6.2                0.9                     0.0                0.9                 0.8                0.6                 0.4            0.0            0.0            0.8            0.5
28                   0.7            0.4              8.4              4.9             1.1             0.1             0.0             0.0             0.1             0.2             0.1             0.2             0.0              0.0              0.9              0.5             0.6               0.8               0.7       0.0       0.0             0.8             1.4            24.4           603.0          1.3                0.7                     0.0                0.8                 0.6                0.5                 0.4            0.0            0.0            0.7            0.4
29                   0.6            0.4              9.6              4.4             0.4             0.0             0.0             0.0             0.1             0.1             0.1             0.1             0.0              0.0              0.8              0.5             0.6               0.7               0.6       0.0       0.0             0.7             0.8             5.3           461.4          0.7                0.6                     0.0                0.7                 0.5                0.4                 0.3            0.0            0.0            0.6            0.4
30                   0.5            0.3              6.6              3.4             0.4             0.0             0.0             0.0             0.0             0.0             0.0             0.0             0.0              0.0              0.7              0.4             0.5               0.6               0.5       0.0       0.0             0.6             0.7             1.3           282.3          0.6                0.6                     0.0                0.6                 0.4                0.4                 0.2            0.0            0.0            0.5            0.3
31                   0.4            0.2              6.0              3.3             0.3             0.0             0.0             0.0             0.0             0.0             0.0             0.0             0.0              0.0              0.6              0.3             0.4               0.5               0.4       NaN       0.0             0.5             0.6             0.8            77.8          0.5                0.5                     0.0                0.5                 0.3                0.3                 0.1            0.0            0.0            0.4            0.2
32                   0.4            0.2              5.8              3.4             0.2             0.0             0.0             0.0             0.0             0.0             0.0             0.0             0.0              0.0              0.5              0.2             0.3               0.4               0.3       NaN       0.0             0.4             0.5             0.6            24.7          0.4                0.4                     0.0                0.5                 0.3                0.2                 0.1            0.0            0.0            0.4            0.2
33                   0.3            0.1              5.6              3.4             0.0             0.0             0.0             0.0             0.0             0.0             0.0             0.0             0.0              0.0              0.4              0.1             0.2               0.3               0.2       NaN       0.0             0.3             0.4             0.6             5.3          0.3                0.3                     0.0                0.4                 0.2                0.2                 0.0            0.0            0.0            0.3            0.1
34                   0.2            0.1              5.6              3.1             0.0             0.0             0.0             0.0             0.0             0.0             0.0             0.0             0.0              0.0              0.3              0.1             0.2               0.2               0.1       NaN       NaN             0.3             0.3             0.5             1.3          0.2                0.3                     0.0                0.3                 0.1                0.2                 0.0            0.0            0.0            0.2            0.1
35                   0.2            0.0              5.9              2.7             0.0             0.0             0.0             0.0             0.0             0.0             0.0             0.0             0.0              0.0              0.2              0.0             0.1               0.2               0.1       NaN       NaN             0.2             0.3             0.4             0.8          0.2                0.3                     0.0                0.4                 0.1                0.1                 0.0            0.0            0.0            0.2            0.0
36                   0.1            0.0              5.9              2.2             0.0             0.0             0.0             0.0             0.0             0.0             0.0             0.0             0.0              0.0              0.2              0.0             0.1               0.1               0.0       NaN       NaN             0.1             0.2             0.3             0.6          0.1                0.2                     0.0                0.4                 0.0                0.1                 0.0            0.0            0.0            0.1            0.0
37                   0.1            0.0              5.6              1.6             0.0             0.0             0.0             0.0             0.0             0.0             0.0             0.0             0.0              0.0              0.1              0.0             0.0               0.1               0.0       NaN       NaN             0.1             0.1             0.2             0.5          0.1                0.1                     0.0                0.3                 0.0                0.0                 0.0            0.0            0.0            0.1            0.0
38                   0.0            0.0              5.1              1.0             0.0             0.0             0.0             0.0             0.0             0.0             0.0             0.0             0.0              0.0              0.1              0.0             0.0               0.0               0.0       NaN       NaN             0.1             0.1             0.2             0.4          0.0                0.1                     0.0                0.2                 0.0                0.0                 0.0            0.0            0.0            0.0            0.0
39                   0.0            0.0              4.7              0.4             0.0             0.0             0.0             0.0             0.0             0.0             0.0             0.0             0.0              0.0              0.0              0.0             0.0               0.0               0.0       NaN       NaN             0.0             0.0             0.1             0.3          0.0                0.0                     0.0                0.1                 0.0                0.0                 0.0            0.0            0.0            0.0            0.0
40                   0.0            0.0              4.2              0.1             0.0             0.0             0.0             0.0             0.0             0.0             0.0             0.0             0.0              0.0              0.0              0.0             0.0               0.0               0.0       NaN       NaN             0.0             0.0             0.1             0.3          0.0                0.0                     0.0                0.0                 0.0                0.0                 0.0            0.0            0.0            0.0            0.0
41                   0.0            0.0              3.7              0.1             0.0             0.0             0.0             0.0             0.0             0.0             0.0             0.0             0.0              0.0              0.0              0.0             0.0               0.0               0.0       NaN       NaN             0.0             0.0             0.0             0.2          0.0                0.0                     0.0                0.0                 0.0                0.0                 0.0            0.0            0.0            0.0            0.0
42                   0.0            0.0              3.2              0.1             0.0             0.0             0.0             0.0             0.0             0.0             0.0             0.0             0.0              0.0              0.0              0.0             0.0               0.0               0.0       NaN       NaN             0.0             0.0             0.0             0.1          0.0                0.0                     0.0                0.0                 0.0                0.0                 0.0            0.0            0.0            0.0            0.0
43                   0.0            NaN              2.6              NaN             NaN             NaN             NaN             NaN             NaN             NaN             NaN             NaN             NaN              NaN              0.0              0.0             0.0               0.0               0.0       NaN       NaN             0.0             0.0             0.0             0.1          0.0                0.0                     0.0                0.0                 0.0                NaN                 NaN            0.0            NaN            0.0            NaN
44                   NaN            NaN              NaN              NaN             NaN             NaN             NaN             NaN             NaN             NaN             NaN             NaN             NaN              NaN              NaN              NaN             NaN               NaN               NaN       NaN       NaN             0.0             0.0             0.0             0.0          NaN                NaN                     NaN                NaN                 NaN                NaN                 NaN            NaN            NaN            NaN            NaN
45                   NaN            NaN              NaN              NaN             NaN             NaN             NaN             NaN             NaN             NaN             NaN             NaN             NaN              NaN              NaN              NaN             NaN               NaN               NaN       NaN       NaN             NaN             0.0             0.0             0.0          NaN                NaN                     NaN                NaN                 NaN                NaN                 NaN            NaN            NaN            NaN            NaN
46                   NaN            NaN              NaN              NaN             NaN             NaN             NaN             NaN             NaN             NaN             NaN             NaN             NaN              NaN              NaN              NaN             NaN               NaN               NaN       NaN       NaN             NaN             NaN             0.0             0.0          NaN                NaN                     NaN                NaN                 NaN                NaN                 NaN            NaN            NaN            NaN            NaN
47                   NaN            NaN              NaN              NaN             NaN             NaN             NaN             NaN             NaN             NaN             NaN             NaN             NaN              NaN              NaN              NaN             NaN               NaN               NaN       NaN       NaN             NaN             NaN             0.0             0.0          NaN                NaN                     NaN                NaN                 NaN                NaN                 NaN            NaN            NaN            NaN            NaN
48                   NaN            NaN              NaN              NaN             NaN             NaN             NaN             NaN             NaN             NaN             NaN             NaN             NaN              NaN              NaN              NaN             NaN               NaN               NaN       NaN       NaN             NaN             NaN             NaN             0.0          NaN                NaN                     NaN                NaN                 NaN                NaN                 NaN            NaN            NaN            NaN            NaN
49                   NaN            NaN              NaN              NaN             NaN             NaN             NaN             NaN             NaN             NaN             NaN             NaN             NaN              NaN              NaN              NaN             NaN               NaN               NaN       NaN       NaN             NaN             NaN             NaN             0.0          NaN                NaN                     NaN                NaN                 NaN                NaN                 NaN            NaN            NaN            NaN            NaN
50                   NaN            NaN              NaN              NaN             NaN             NaN             NaN             NaN             NaN             NaN             NaN             NaN             NaN              NaN              NaN              NaN             NaN               NaN               NaN       NaN       NaN             NaN             NaN             NaN             0.0          NaN                NaN                     NaN                NaN                 NaN                NaN                 NaN            NaN            NaN            NaN            NaN
51                   NaN            NaN              NaN              NaN             NaN             NaN             NaN             NaN             NaN             NaN             NaN             NaN             NaN              NaN              NaN              NaN             NaN               NaN               NaN       NaN       NaN             NaN             NaN             NaN             0.0          NaN                NaN                     NaN                NaN                 NaN                NaN                 NaN            NaN            NaN            NaN            NaN

written /projects/disruptsc/runs/rhine2026/compare_runs_batch_jobs_20261007_main.csv
